1 0.1784286865431104 0.2894159544159544 0.24440370668815473 0.02889173789173789
3 0.4934568896051571 0.29245868945868947 0.1239685737308622 0.01154985754985755
2 0.6575382755842063 0.2929116809116809 0.015701047542304593 0.00921082621082621
0 0.1389443996776793 0.2963447293447294 0.15917002417405318 0.01201994301994302
1 0.5501047542304592 0.3049230769230769 0.241071716357776 0.040894586894586894
0 0.5309871071716358 0.31290598290598287 0.19788477034649476 0.020774928774928775
2 0.2888920225624496 0.32537606837606836 0.016893634165995167 0.009980056980056981
3 0.11528605962933118 0.32554415954415955 0.11414987912973408 0.01113105413105413
1 0.17653908138597907 0.33254415954415956 0.24682917002417404 0.02885754985754986
0 0.13485092667203868 0.33998005698005695 0.15098710717163577 0.01157834757834758
2 0.6589443996776793 0.34754415954415957 0.01621273166800967 0.009652421652421653
3 0.4893714746172441 0.3477321937321937 0.11579371474617244 0.009971509971509971
1 0.5491216760676874 0.354011396011396 0.2432393231265109 0.0323019943019943
0 0.5104351329572926 0.3621737891737892 0.1567808219178082 0.010487179487179487
2 0.2883319903303787 0.3678917378917379 0.016925866236905722 0.011364672364672364
3 0.10215551974214344 0.3685156695156695 0.08788879935535858 0.010985754985754987
1 0.18027800161160354 0.3811339031339031 0.2481063658340048 0.041207977207977205
0 0.15811845286059628 0.3884045584045584 0.19866639806607572 0.023150997150997152
2 0.2886140209508461 0.42237321937321937 0.016337630942788072 0.009877492877492879
3 0.4642788074133763 0.4223988603988604 0.06331587429492345 0.00992877492877493
2 0.6584045124899275 0.422994301994302 0.015132957292506044 0.009492877492877493
3 0.11880338436744561 0.422994301994302 0.11773972602739727 0.010307692307692308
1 0.550850120870266 0.4298005698005698 0.2384286865431104 0.03469230769230769
1 0.17943190975020146 0.43074074074074076 0.24434327155519744 0.03657549857549858
0 0.5144802578565673 0.4373219373219373 0.16601933924254633 0.012162393162393162
0 0.13918614020950845 0.437985754985755 0.15850120870265913 0.012672364672364671
2 0.28809427880741334 0.4654131054131054 0.015302175664786461 0.009056980056980057
2 0.6580942788074134 0.4658917378917379 0.016813053988718775 0.010826210826210826
3 0.4676954069298952 0.4663048433048433 0.073593875906527 0.010031339031339032
3 0.12146253021756649 0.4665014245014245 0.12305398871877518 0.011230769230769232
1 0.5483883964544721 0.4713190883190883 0.2417727639000806 0.03143874643874644
1 0.17718372280419017 0.47884330484330484 0.24398871877518133 0.03917378917378917
0 0.5212530217566479 0.4807806267806268 0.1784125705076551 0.010555555555555554
0 0.12724818694601128 0.4861994301994302 0.14037469782433523 0.02058119658119658
2 0.6572401289282837 0.5089316239316239 0.01854955680902498 0.009196581196581196
3 0.45943996776792906 0.5096752136752137 0.05593473005640613 0.011498575498575499
1 0.5499879129734085 0.520031339031339 0.23876712328767125 0.03671509971509972
0 0.51325946817083 0.5287122507122507 0.16242546333601934 0.021957264957264955
2 0.6578847703464947 0.14125071225071226 0.016394037066881546 0.010438746438746439
3 0.48026591458501205 0.14142450142450141 0.09528605962933119 0.010786324786324786
2 0.28858984689766315 0.14144729344729345 0.0174375503626108 0.010017094017094016
3 0.09294117647058824 0.14164672364672365 0.06831587429492345 0.012851851851851852
1 0.18003223207091054 0.1472905982905983 0.2579532634971797 0.03716239316239316
1 0.5497300564061242 0.15411680911680914 0.23825141015310236 0.0435042735042735
0 0.1401692183722804 0.1562905982905983 0.162767929089444 0.010464387464387463
0 0.5151732473811442 0.16119088319088318 0.16625302175664786 0.023515669515669517
3 0.14548348106365833 0.18483475783475783 0.17569298952457696 0.009085470085470086
2 0.2879411764705882 0.18487464387464386 0.017284448025785656 0.010786324786324786
2 0.6575020145044319 0.19541025641025642 0.016772763900080583 0.00992877492877493
3 0.48625705076551173 0.1959088319088319 0.10727639000805801 0.01011965811965812
1 0.17753424657534245 0.19719373219373218 0.24674858984689765 0.04336182336182336
1 0.5507937147461724 0.20205698005698006 0.24037872683319902 0.03261253561253561
0 0.15052377115229654 0.20475498575498577 0.1869218372280419 0.022125356125356124
0 0.5193231265108783 0.21170940170940172 0.1757010475423046 0.011666666666666667
2 0.6585535858178888 0.23874358974358975 0.015431103948428686 0.010512820512820513
2 0.28834004834810634 0.2387692307692308 0.01578968573730862 0.009752136752136752
3 0.47765914585012087 0.23943019943019941 0.08892425463336019 0.012695156695156695
3 0.11982675261885577 0.23947578347578347 0.12093473005640613 0.01278917378917379
1 0.17994762288477034 0.2457891737891738 0.24537469782433521 0.03231908831908832
1 0.5495326349717969 0.25087464387464387 0.23578968573730863 0.039566951566951565
0 0.13241740531829171 0.2536980056980057 0.14841257050765513 0.009561253561253561
0 0.5342062852538276 0.25897150997150997 0.20317082997582595 0.02254415954415954
2 0.2891095890410959 0.28182621082621084 0.013883964544721999 0.01058974358974359
3 0.13544721998388395 0.2831823361823362 0.15447219983883964 0.011680911680911682