1 0.13232070910556004 0.2932934472934473 0.09325543916196616 0.005230769230769231
1 0.27293714746172437 0.2934529914529915 0.09345688960515713 0.006162393162393162
3 0.10929089443996777 0.2935242165242165 0.047034649476228846 0.005774928774928775
2 0.16732473811442386 0.29353276353276353 0.023497179693795327 0.005792022792022792
2 0.3081426269137792 0.2935698005698006 0.022892828364222403 0.006225071225071225
3 0.25015713134568895 0.29372934472934475 0.04602336825141015 0.006188034188034187
1 0.13184528605962934 0.3015128205128205 0.09493150684931508 0.006236467236467236
2 0.3080781627719581 0.30157264957264956 0.02275987107171636 0.0064529914529914524
3 0.09538275584206285 0.3016524216524216 0.021240934730056407 0.006353276353276353
1 0.27349717969379533 0.30166096866096864 0.09370668815471395 0.005917378917378918
2 0.1673730862207897 0.3017179487179487 0.02258662369057212 0.006122507122507122
3 0.2370829975825947 0.3019002849002849 0.020382755842062852 0.006849002849002849
3 0.10867042707493958 0.3098632478632478 0.046800966962127315 0.005663817663817664
3 0.2498549556809025 0.3101623931623932 0.04491539081385979 0.006264957264957264
1 0.13178485092667203 0.3101937321937322 0.09306204673650281 0.005703703703703704
2 0.1664464141821112 0.3102108262108262 0.023751007252215958 0.006002849002849003
1 0.27261885576148265 0.31028774928774927 0.09370265914585012 0.006507122507122507
2 0.30814665592264306 0.3103475783475783 0.022904915390813862 0.006991452991452991
3 0.1091539081385979 0.31823931623931623 0.04575342465753425 0.00745014245014245
1 0.13189363416599517 0.31838176638176635 0.09327558420628525 0.006031339031339032
2 0.30817082997582596 0.3186381766381767 0.022949234488315876 0.005752136752136753
3 0.24991136180499596 0.3188262108262108 0.047046736502820305 0.0064843304843304845
2 0.16695004029008864 0.31885470085470086 0.02224415793714746 0.006188034188034187
1 0.27348912167606765 0.31893447293447297 0.0954351329572925 0.006521367521367521
3 0.2493674456083803 0.1444786324786325 0.046970185334407735 0.005980056980056979
2 0.3071635777598711 0.14450997150997152 0.022953263497179695 0.006398860398860399
1 0.2724617244157937 0.14463532763532763 0.09550765511684126 0.005997150997150998
3 0.10867848509266721 0.14475213675213675 0.045306204673650284 0.005814814814814815
2 0.16709105560032234 0.14478347578347578 0.023529411764705882 0.0055242165242165246
1 0.1321071716357776 0.145017094017094 0.09457695406929896 0.006145299145299145
3 0.23618855761482677 0.15378632478632479 0.020604351329572924 0.005712250712250713
3 0.09526994359387592 0.15386324786324784 0.02000402900886382 0.0047977207977207975
1 0.2721958098307816 0.15398290598290598 0.09372280419016922 0.005561253561253561
2 0.3071474617244158 0.154002849002849 0.023416599516518935 0.005786324786324786
2 0.16660354552780016 0.1542165242165242 0.022562449637389202 0.006216524216524216
1 0.13184125705076552 0.15429629629629632 0.09404512489927477 0.006185185185185185
3 0.24917808219178084 0.16266951566951568 0.04658742949234488 0.004586894586894587
2 0.3073932312651088 0.16291452991452993 0.02240531829170024 0.00578917378917379
3 0.10868654311039484 0.162988603988604 0.04632957292506043 0.004868945868945869
2 0.16707091055600323 0.16305413105413108 0.022485898468976633 0.005356125356125356
1 0.13248992747784044 0.16316809116809117 0.09359790491539081 0.006652421652421653
1 0.2723247381144238 0.16328205128205128 0.09311039484286865 0.006262108262108262
3 0.10577759871071717 0.17199430199430202 0.04001208702659146 0.005774928774928775
2 0.30744157937147465 0.17199715099715102 0.021998388396454474 0.0064928774928774925
2 0.16672844480257856 0.17204273504273504 0.022304593070104753 0.005512820512820513
3 0.24610797743755036 0.17204843304843304 0.04045124899274779 0.006236467236467236
1 0.13151087832393232 0.17222792022792022 0.09425866236905721 0.006256410256410256
1 0.27313456889605153 0.17241880341880345 0.09298146655922643 0.006638176638176638
2 0.16680096696212732 0.18105698005698007 0.022449637389202255 0.005720797720797721
1 0.13179290894439968 0.1810968660968661 0.0930781627719581 0.006094017094017094
2 0.3068211120064464 0.18133618233618234 0.02176067687348912 0.005566951566951567
1 0.27276390008058016 0.18143019943019945 0.0939887187751813 0.00552991452991453
3 0.09979854955680902 0.18158974358974359 0.02805398871877518 0.006871794871794872
3 0.23996776792908944 0.18163817663817663 0.027663174858984688 0.006883190883190883
1 0.13275987107171636 0.19 0.09501208702659146 0.005390313390313391
1 0.2730862207896857 0.1901054131054131 0.0937590652699436 0.006834757834757834
2 0.30732070910556003 0.19013390313390313 0.022252215954875098 0.006056980056980058
3 0.10281627719580982 0.19016524216524217 0.03458904109589041 0.006122507122507122
2 0.16699838839645448 0.1902706552706553 0.02284448025785657 0.005974358974358974
3 0.24332796132151494 0.19051851851851853 0.03387993553585818 0.006467236467236467
2 0.3071676067687349 0.23407407407407407 0.022453666398066074 0.0062678062678062675
1 0.13203062046736502 0.23427065527065527 0.09529411764705882 0.006293447293447293
3 0.10897260273972603 0.2342962962962963 0.046402095084609185 0.005997150997150998
1 0.27223207091055596 0.23431908831908832 0.09379532634971798 0.00639031339031339
2 0.16677276390008058 0.23447293447293446 0.023400483481063657 0.005638176638176638
3 0.24916599516518934 0.23465242165242164 0.04656325543916196 0.007065527065527066
3 0.23599516518936342 0.242994301994302 0.020221595487510072 0.0055726495726495726
2 0.16662771958098307 0.24302279202279203 0.023609991941982274 0.005985754985754987
2 0.30744157937147465 0.2431054131054131 0.02249798549556809 0.005797720797720798
3 0.09598710717163578 0.24323931623931624 0.01992747784045125 0.006421652421652421
1 0.13159548751007252 0.24354131054131056 0.09355358581788879 0.00694017094017094
1 0.27255842062852537 0.2436068376068376 0.0935737308622079 0.007068376068376068
3 0.1082876712328767 0.25201709401709405 0.046543110394842865 0.0061595441595441594
3 0.249016921837228 0.2521054131054131 0.045757453666398065 0.005974358974358974
1 0.13132957292506042 0.25212535612535614 0.09476631748589848 0.005592592592592593
2 0.30697421434327155 0.25236467236467236 0.02307413376309428 0.006495726495726496
2 0.16628928283642225 0.2524131054131054 0.022937147461724417 0.006236467236467236
1 0.2727074939564867 0.2527663817663818 0.09212731668009669 0.006256410256410256