3 0.35322723609991946 0.29984900284900284 0.3198106365834005 0.01458974358974359
1 0.3558420628525383 0.3161908831908832 0.3586019339242546 0.049646723646723644
0 0.3518372280419017 0.32491168091168093 0.3589846897663175 0.0302991452991453
2 0.5080983078162772 0.33259544159544163 0.045463336019339246 0.012430199430199431
3 0.33069298952457693 0.37990598290598293 0.29823932312651086 0.019230769230769232
2 0.5054794520547945 0.3824131054131054 0.038549556809024985 0.012373219373219373
1 0.3568009669621273 0.41223076923076923 0.35548751007252216 0.08625071225071225
0 0.35387993553585817 0.4283903133903134 0.319085414987913 0.04946723646723646
3 0.35160354552780015 0.5251396011396011 0.44075745366639807 0.014173789173789173
1 0.35150684931506854 0.5303618233618234 0.4422481869460113 0.029367521367521368
2 0.4356325543916197 0.5376723646723647 0.03984689766317486 0.011945868945868946
0 0.3326228847703465 0.5386296296296296 0.1644681708299758 0.012666666666666666
3 0.28276792908944404 0.5548233618233619 0.18896051571313457 0.013017094017094017
1 0.35255036261079775 0.5609287749287749 0.3352336825141015 0.02641310541310541
0 0.38336422240128926 0.5627150997150997 0.26763094278807414 0.02523931623931624
2 0.4378283642224013 0.5677663817663817 0.03751813053988719 0.010415954415954417
3 0.35287671232876716 0.16700284900284898 0.22008058017727639 0.01474928774928775
1 0.3556446414182111 0.18362393162393162 0.3764746172441579 0.05155270655270655
0 0.3537147461724416 0.19228205128205128 0.36945608380338435 0.03088888888888889
2 0.5148388396454472 0.199994301994302 0.04551974214343272 0.013082621082621083
3 0.35363013698630136 0.234022792022792 0.2719379532634972 0.017045584045584046
1 0.35319097502014507 0.24886324786324787 0.3482675261885576 0.049102564102564104
0 0.3532715551974214 0.258014245014245 0.34674858984689766 0.02942735042735043
2 0.44364222401289277 0.26607692307692304 0.04579371474617244 0.009948717948717949