3 0.08918211120064463 0.030663817663817663 0.06692989524576955 0.0069943019943019945
1 0.11307010475423046 0.0338005698005698 0.11992747784045125 0.026980056980056982
0 0.10599919419822723 0.04185470085470085 0.09981869460112812 0.009851851851851851
2 0.026829170024174055 0.05979772079772079 0.022050765511684126 0.013555555555555555
3 0.08722401289282837 0.06257264957264957 0.08614020950846092 0.0069743589743589745
1 0.07296132151490733 0.0658034188034188 0.1158017727639001 0.027150997150997152
0 0.08115229653505238 0.07356410256410256 0.09712731668009669 0.010492877492877492
2 0.1561522965350524 0.09154700854700855 0.02928283642224013 0.013749287749287749
3 0.08453263497179694 0.09396581196581197 0.05688557614826752 0.006982905982905983
1 0.11304190169218371 0.09692307692307692 0.11688960515713134 0.02714245014245014
0 0.10498388396454472 0.10489173789173789 0.10002820306204674 0.009843304843304843
2 0.02879935535858179 0.12362108262108262 0.029721998388396453 0.01353846153846154
3 0.10908541498791298 0.1254928774928775 0.04182917002417405 0.007789173789173789
1 0.0729331184528606 0.1298091168091168 0.11947622884770347 0.027501424501424503
0 0.08280016116035455 0.13705982905982905 0.09818291700241741 0.009820512820512821
2 0.15595487510072523 0.15537321937321938 0.028879935535858183 0.013740740740740739
3 0.08412167606768735 0.15785470085470088 0.055318291700241745 0.007094017094017094
1 0.11303384367445608 0.16195441595441595 0.11538275584206285 0.027957264957264957
0 0.10733279613215148 0.17036182336182337 0.10024576954069299 0.01048148148148148
2 0.15716357775987105 0.02780911680911681 0.029061240934730056 0.012886039886039886