3 0.16479049153908137 0.3021880341880342 0.27625705076551166 0.008757834757834758
2 0.5333158742949234 0.3031908831908832 0.018618049959709913 0.006621082621082621
1 0.2852699435938759 0.3062108262108262 0.5183279613215149 0.019572649572649575
0 0.24726833199033038 0.31290598290598287 0.4399033037872683 0.008478632478632479
1 0.28419822723609994 0.3296695156695157 0.5191257050765512 0.014943019943019943
3 0.10792506043513296 0.33002849002849005 0.1645245769540693 0.009324786324786324
2 0.5348831587429492 0.3303646723646723 0.015378726833199033 0.007304843304843305
1 0.28712731668009667 0.34843304843304845 0.5220427074939565 0.014102564102564103
2 0.5334730056406124 0.34877492877492877 0.019576954069298953 0.008048433048433048
3 0.09224818694601128 0.3497179487179487 0.13117647058823528 0.009843304843304843
0 0.2910999194198227 0.349985754985755 0.26529008863819503 0.008632478632478633
3 0.09561643835616439 0.3671025641025641 0.1389081385979049 0.009991452991452992
0 0.32498388396454475 0.3672649572649572 0.31582191780821917 0.008358974358974359
2 0.5339685737308622 0.3673703703703704 0.019931506849315068 0.006908831908831909
1 0.28485092667203865 0.3686524216524217 0.5216841257050765 0.015017094017094017
3 0.05061643835616438 0.38499430199430196 0.0479129734085415 0.010447293447293447
2 0.5326228847703465 0.3851253561253561 0.020423045930701048 0.007247863247863248
1 0.2854552780016116 0.3853846153846154 0.5214907332796132 0.014886039886039886
0 0.24868654311039484 0.3856638176638177 0.3405439161966156 0.006846153846153846
3 0.0740491539081386 0.40353561253561254 0.09677276390008058 0.010789173789173788
2 0.532836422240129 0.4037293447293447 0.020209508460918613 0.007028490028490029
1 0.28663174858984686 0.4039031339031339 0.5210515713134569 0.012398860398860399
0 0.3123529411764706 0.40440740740740744 0.3784649476228848 0.009307692307692308
3 0.09061240934730057 0.42159829059829057 0.12689766317485898 0.00876068376068376
2 0.5327679290894439 0.4217977207977208 0.02007252215954875 0.007088319088319088
0 0.29418211120064464 0.42202849002849 0.27761885576148265 0.009045584045584046
1 0.2865471394037067 0.422031339031339 0.519484286865431 0.013085470085470086
3 0.08915793714746172 0.4397236467236467 0.12399677679290894 0.00827065527065527
2 0.5336019339242547 0.44017094017094016 0.02046333601933924 0.00776068376068376
0 0.3096535052377115 0.44132478632478633 0.31594278807413373 0.009330484330484331
1 0.28538275584206285 0.44281481481481483 0.5241418211120065 0.01611965811965812
2 0.533505237711523 0.45831054131054133 0.020273972602739727 0.006609686609686609
3 0.10515713134568896 0.45896296296296296 0.1569903303787268 0.010014245014245015
1 0.28716357775987106 0.4593903133903134 0.5263013698630137 0.015675213675213677
0 0.3109065269943594 0.4596125356125356 0.25442385173247384 0.011076923076923078
2 0.5327639000805802 0.4764045584045584 0.01943190975020145 0.0071709401709401715
1 0.28660354552780015 0.4764814814814815 0.5209951651893634 0.01033048433048433
0 0.36335213537469785 0.4769373219373219 0.22524979854955682 0.008253561253561253
3 0.1374576954069299 0.47714814814814815 0.2215914585012087 0.008934472934472934
2 0.5339403706688155 0.49462678062678067 0.020511684125705074 0.006638176638176638
3 0.0732433521353747 0.4949430199430199 0.09315874294923449 0.009196581196581196
0 0.2979895245769541 0.49543589743589744 0.3578767123287671 0.009584045584045584
1 0.2851490733279613 0.49662962962962964 0.522276390008058 0.016048433048433047
1 0.28426672038678485 0.09611111111111112 0.5219097502014505 0.011404558404558405
0 0.2708340048348106 0.09650712250712251 0.11664383561643835 0.00931054131054131
3 0.11844480257856568 0.09672079772079772 0.18436341659951652 0.008102564102564103
2 0.5350241740531829 0.09678062678062678 0.015660757453666397 0.007774928774928774
1 0.28336825141015315 0.11243874643874645 0.5229089443996776 0.01343019943019943
2 0.5349959709911362 0.11312820512820512 0.015604351329572923 0.006646723646723646
3 0.06868251410153102 0.11363817663817664 0.08675261885576148 0.009467236467236467
0 0.198102336825141 0.1137920227920228 0.16933118452860596 0.0069943019943019945
3 0.0907453666398066 0.1295128205128205 0.12896051571313455 0.007398860398860399
2 0.5350362610797744 0.1296894586894587 0.016958098307816277 0.007749287749287749
1 0.2850201450443191 0.1299002849002849 0.5206204673650282 0.011792022792022792
0 0.2845648670427075 0.1305954415954416 0.25401692183722807 0.010364672364672365
2 0.5352095084609186 0.14596296296296296 0.016031426269137793 0.006925925925925926
3 0.11063255439161965 0.14655555555555555 0.1687348912167607 0.0076609686609686615
1 0.2847018533440774 0.14925641025641026 0.5213819500402901 0.015923076923076922
0 0.2627558420628525 0.14941595441595443 0.47375906526994355 0.01578062678062678
3 0.06711522965350525 0.1695925925925926 0.08106768734891218 0.008188034188034187
1 0.2849153908138598 0.1702051282051282 0.5218049959709911 0.011376068376068376
2 0.5344560838033844 0.1702905982905983 0.017711522965350526 0.008233618233618234
0 0.21871071716357776 0.17119943019943018 0.22083400483481064 0.009393162393162393
3 0.06439564867042707 0.1857321937321937 0.076897663174859 0.007096866096866097
1 0.2873609991941982 0.18585185185185185 0.5280983078162772 0.013031339031339031
2 0.536361804995971 0.18632193732193733 0.016422240128928282 0.007829059829059829
0 0.25446011281224823 0.18635042735042737 0.299262691377921 0.007373219373219373
1 0.28610797743755034 0.20192592592592593 0.5214020950846091 0.012569800569800569
3 0.08543110394842868 0.20270370370370372 0.11706285253827559 0.008125356125356125
0 0.28329170024174055 0.20275213675213674 0.275535858178888 0.008464387464387465
2 0.5356889605157131 0.20313390313390314 0.018267526188557617 0.0071794871794871795
3 0.08047945205479452 0.21882905982905984 0.109709911361805 0.008356125356125356
2 0.534887187751813 0.21933048433048433 0.014746172441579372 0.006655270655270655
0 0.25455278001611603 0.2226039886039886 0.4594037066881547 0.01682051282051282
1 0.28325141015310235 0.22355555555555554 0.5198791297340853 0.021245014245014245
1 0.28492747784045125 0.24322792022792022 0.5218291700241741 0.01217948717948718
2 0.5355721192586623 0.24337891737891737 0.01548348106365834 0.00784900284900285
3 0.08111603545527801 0.24345299145299146 0.11033843674456084 0.00845014245014245
0 0.28048751007252215 0.24391168091168092 0.28593473005640613 0.008065527065527066
1 0.2860193392425463 0.25875213675213676 0.5226188557614827 0.009626780626780627
3 0.08535858178887994 0.2593475783475783 0.11883158742949235 0.006871794871794872
2 0.5348589846897663 0.2594501424501424 0.01724012892828364 0.007977207977207978
0 0.21961724415793715 0.26004558404558403 0.14695406929895247 0.008113960113960114