2 0.2853746978243352 0.1218945868945869 0.0203303787268332 0.005384615384615384
1 0.23612812248186948 0.12214814814814814 0.1251410153102337 0.006048433048433048
2 0.13668412570507654 0.12257549857549858 0.020298146655922646 0.0067492877492877495
1 0.085825946817083 0.12274928774928776 0.1236543110394843 0.006319088319088319
2 0.28533843674456083 0.13181481481481483 0.019081385979049154 0.006188034188034187
1 0.23492747784045126 0.13201994301994302 0.11876309427880741 0.007034188034188035
2 0.13531426269137792 0.13258404558404557 0.02223609991941982 0.005652421652421653
1 0.08603948428686543 0.1326125356125356 0.12408541498791298 0.006347578347578348
2 0.13475825946817085 0.14256980056980056 0.022876712328767125 0.006176638176638176
1 0.08590652699435938 0.14264957264957265 0.12381547139403706 0.0076609686609686615
2 0.2849073327961322 0.14273789173789173 0.02056003223207091 0.0040227920227920225
1 0.23526994359387593 0.1432108262108262 0.12077356970185334 0.006438746438746439
2 0.28530217566478644 0.15247293447293445 0.01959709911361805 0.0057008547008547015
1 0.08612812248186946 0.15256410256410258 0.12577759871071717 0.007683760683760683
2 0.13426672038678486 0.15267236467236467 0.02248186946011281 0.005686609686609687
1 0.2359911361804996 0.1534957264957265 0.12221595487510072 0.006373219373219373
2 0.28464544721998386 0.1630997150997151 0.01945608380338437 0.005843304843304844
1 0.23439564867042706 0.16335612535612534 0.12039887187751812 0.008145299145299146
2 0.2852538275584206 0.17331054131054133 0.02008863819500403 0.0043276353276353275
1 0.23561643835616436 0.1733960113960114 0.1214665592264303 0.007715099715099714
1 0.07411361804995971 0.17846153846153845 0.09956486704270749 0.006589743589743589
1 0.23473408541498791 0.18310256410256412 0.12103142626913778 0.0055527065527065525
2 0.2849355358581789 0.18360683760683763 0.02062449637389202 0.005054131054131054
1 0.06794117647058823 0.18915384615384614 0.08987912973408542 0.006868945868945869
2 0.2851531023368251 0.19366096866096866 0.021643835616438355 0.005296296296296296
1 0.23558420628525384 0.19367236467236465 0.121406124093473 0.007
1 0.07779613215149074 0.19925925925925925 0.10692989524576953 0.005980056980056979
2 0.2851168412570508 0.20361538461538464 0.02039484286865431 0.005336182336182336
1 0.23542707493956488 0.20401139601139603 0.12174858984689767 0.006099715099715099
1 0.23500805801772762 0.21415669515669516 0.12157937147461724 0.006698005698005698
2 0.28399677679290897 0.21441025641025643 0.021083803384367446 0.006643874643874644
1 0.23471394037066878 0.22353276353276355 0.12242143432715553 0.006441595441595441
2 0.2841458501208703 0.22414529914529915 0.02196615632554392 0.005048433048433048
2 0.13633360193392424 0.22711965811965815 0.019589041095890408 0.0047492877492877495
1 0.08547945205479451 0.22769800569800572 0.12362610797743755 0.006575498575498575
2 0.28531829170024176 0.23454131054131055 0.01904512489927478 0.005105413105413106
1 0.23488718775181305 0.23457834757834758 0.12133360193392424 0.005797720797720798
2 0.13636180499597098 0.23707692307692307 0.02023368251410153 0.005210826210826211
1 0.08583400483481063 0.23795441595441597 0.12234891216760678 0.007390313390313391
2 0.2851893634165995 0.24460398860398858 0.02112409347300564 0.004948717948717949
1 0.23596293311845284 0.2447834757834758 0.12257453666398067 0.006148148148148147
1 0.08614020950846092 0.24675498575498575 0.12442788074133762 0.0068945868945868944
2 0.13689363416599515 0.24710541310541312 0.02071313456889605 0.005401709401709402