1 0.1663416599516519 0.06358404558404558 0.2065672844480258 0.007085470085470086
2 0.2611079774375504 0.06376638176638176 0.01305398871877518 0.004638176638176638
3 0.08905318291700241 0.06407692307692307 0.05005640612409347 0.00554985754985755
2 0.26119661563255436 0.07002279202279202 0.012711522965350525 0.004452991452991453
1 0.16598710717163578 0.07031623931623932 0.20581788879935534 0.006145299145299145
3 0.10956083803384367 0.07033903133903134 0.09106768734891217 0.0048660968660968655
1 0.1664867042707494 0.07598860398860399 0.2061563255439162 0.006826210826210826
2 0.2615914585012087 0.07632763532763534 0.011941982272360999 0.004735042735042735
3 0.09894037066881547 0.07644729344729344 0.06931909750201451 0.005592592592592593
2 0.26139806607574534 0.0827122507122507 0.01186946011281225 0.00407977207977208
3 0.08894439967767928 0.082991452991453 0.049524576954069296 0.00486039886039886
1 0.1663053988718775 0.08339316239316238 0.20710717163577758 0.006792022792022792
2 0.26270346494762287 0.10936752136752137 0.011990330378726833 0.004339031339031339
3 0.08448025785656729 0.10937891737891739 0.040600322320709106 0.0045811965811965805
1 0.16695004029008864 0.1094045584045584 0.20708299758259469 0.0059458689458689465
1 0.16715954875100725 0.11568376068376068 0.20685334407735695 0.00645014245014245
2 0.2625503626107977 0.11586039886039887 0.012614826752618855 0.004780626780626781
3 0.08508863819500403 0.11627065527065528 0.041813053988718776 0.00494017094017094
2 0.262767929089444 0.12223076923076923 0.011800966962127317 0.0045327635327635325
3 0.10265108783239323 0.12225925925925926 0.07724818694601128 0.004373219373219373
1 0.16649073327961322 0.12249572649572649 0.20766720386784848 0.006358974358974359
3 0.09539484286865431 0.1286068376068376 0.06304995970991137 0.004957264957264957
2 0.26277195809830783 0.12865242165242166 0.011184528605962933 0.00439031339031339
1 0.16682917002417405 0.12878062678062677 0.20815068493150685 0.006672364672364673
1 0.16678082191780821 0.15573219373219374 0.20608783239323125 0.007245014245014245
2 0.26266720386784853 0.1558176638176638 0.012228041901692185 0.0045726495726495725
3 0.09153102336825142 0.15624501424501425 0.05594681708299759 0.005207977207977208
2 0.26257050765511686 0.1621766381766382 0.01234488315874295 0.004527065527065527
1 0.16719580983078164 0.16226495726495727 0.2069178082191781 0.00686039886039886
3 0.10174858984689766 0.16258119658119657 0.07575745366639806 0.005333333333333333
3 0.09649073327961322 0.16853846153846155 0.06493150684931506 0.004481481481481481
2 0.26282030620467367 0.16867806267806265 0.012534246575342465 0.004760683760683761
1 0.16764705882352943 0.1693048433048433 0.2086301369863014 0.007347578347578348
2 0.2623408541498791 0.1749031339031339 0.012506043513295729 0.004883190883190883
3 0.11619258662369057 0.1752051282051282 0.10402095084609186 0.004826210826210826
1 0.16738920225624496 0.17547578347578346 0.20927477840451247 0.007774928774928774
2 0.26280821917808217 0.20205698005698006 0.011885576148267527 0.004826210826210826
1 0.16706688154713942 0.20235042735042735 0.20731668009669618 0.007264957264957265
3 0.11678485092667204 0.20240740740740742 0.1052054794520548 0.005304843304843305
2 0.26263900080580177 0.20838746438746442 0.011853344077356972 0.004720797720797721
3 0.09184528605962933 0.20846153846153848 0.0556406124093473 0.005088319088319088
1 0.16759065269943593 0.20876638176638176 0.20836825141015308 0.007113960113960114
2 0.26273972602739726 0.21463532763532764 0.012054794520547946 0.0048860398860398856
1 0.16695809830781627 0.214988603988604 0.20804190169218373 0.00641025641025641
3 0.10147058823529412 0.21515954415954416 0.07551168412570507 0.005492877492877493
2 0.2625463336019339 0.22094871794871795 0.012292506043513297 0.004971509971509971
1 0.16755842062852538 0.22118518518518518 0.20699033037872683 0.007837606837606838
3 0.1195044319097502 0.2216837606837607 0.11033440773569703 0.005116809116809117
1 0.16681305398871876 0.2605185185185185 0.20680902497985493 0.007202279202279203
2 0.26154311039484285 0.260954415954416 0.012159548751007252 0.005074074074074074
3 0.09871474617244158 0.260965811965812 0.06937550362610798 0.00488034188034188
1 0.16682514101531024 0.2672051282051282 0.20683319903303787 0.005735042735042735
2 0.26136986301369863 0.26724501424501423 0.012433521353746977 0.004672364672364672
3 0.07803384367445608 0.2673532763532763 0.027707493956486702 0.004888888888888889
2 0.2611120064464142 0.2733390313390313 0.012538275584206286 0.0045327635327635325
1 0.16614826752618855 0.27364102564102566 0.20703464947622885 0.007361823361823362
3 0.09748992747784045 0.2738888888888889 0.06661563255439162 0.00541025641025641
2 0.26116035455278 0.27994017094017093 0.012945205479452056 0.004746438746438746
3 0.09265914585012086 0.28033048433048435 0.05695809830781628 0.004868945868945869
1 0.16683722804190168 0.2807264957264957 0.20948025785656726 0.007735042735042734