2 0.22031426269137794 0.12008262108262109 0.022147461724415795 0.007843304843304843
3 0.11871474617244157 0.12057264957264957 0.052804190169218376 0.00882051282051282
1 0.161853344077357 0.12433048433048433 0.1412328767123288 0.017857549857549858
0 0.1303988718775181 0.128008547008547 0.0783279613215149 0.004928774928774929
3 0.11797340854149879 0.1437920227920228 0.05347300564061241 0.008088319088319088
2 0.22017324738114424 0.14427635327635327 0.020435132957292504 0.007532763532763533
1 0.1601208702659146 0.147997150997151 0.1413577759871072 0.017002849002849003
0 0.12966962127316678 0.15163532763532764 0.07830378726833198 0.005512820512820513
2 0.22048751007252215 0.16743304843304846 0.0217767929089444 0.007689458689458689
3 0.11861402095084608 0.16762678062678063 0.05475825946817083 0.006549857549857549
1 0.16176470588235295 0.17192592592592593 0.1417727639000806 0.018190883190883193
0 0.13050765511684126 0.17566096866096867 0.07854955680902498 0.0048660968660968655
2 0.21970588235294117 0.19113105413105413 0.023082191780821916 0.007398860398860399
3 0.11838436744560837 0.19118233618233618 0.055733279613215156 0.008011396011396011
1 0.16181305398871879 0.1949145299145299 0.14259468170829975 0.019025641025641027
0 0.1300846091861402 0.1992336182336182 0.0769822723609992 0.0048376068376068376
2 0.22065269943593874 0.21486324786324784 0.02282836422240129 0.008706552706552706
3 0.11899677679290896 0.21491452991452992 0.05552780016116035 0.007794871794871794
1 0.16236905721192588 0.2185897435897436 0.14226833199033037 0.018188034188034188
0 0.12992344883158743 0.22357549857549858 0.07665592264302981 0.004823361823361823
2 0.2205157131345689 0.23842165242165242 0.02039887187751813 0.007632478632478633
3 0.11921031426269138 0.23896581196581196 0.05738114423851732 0.008216524216524216
1 0.16219983883964545 0.24202279202279203 0.1426470588235294 0.016863247863247863
0 0.13042304593070103 0.24685470085470088 0.07909347300564061 0.004715099715099715
2 0.22029814665592262 0.2621908831908832 0.020684931506849316 0.008504273504273505
3 0.11836825141015311 0.2626495726495726 0.05426672038678485 0.008407407407407409
1 0.16184125705076552 0.2651168091168091 0.14336422240128927 0.016384615384615383
0 0.1303948428686543 0.2705014245014245 0.07903303787268331 0.005341880341880342