2 0.16484689766317484 0.053524216524216524 0.011156325543916197 0.002757834757834758
2 0.0785132957292506 0.053823361823361816 0.008714746172441579 0.003356125356125356
3 0.11262288477034649 0.053843304843304844 0.02361804995970991 0.0030512820512820517
3 0.0284085414987913 0.05406837606837607 0.029826752618855763 0.0033276353276353275
1 0.13571716357775987 0.057005698005698005 0.07068896051571313 0.010182336182336183
1 0.048170829975825946 0.057179487179487176 0.07008863819500404 0.010532763532763532
0 0.1281184528605963 0.059424501424501425 0.05460918614020951 0.005048433048433048
0 0.040314262691377924 0.05963532763532763 0.05412570507655117 0.005643874643874644
3 0.11726027397260275 0.06477207977207977 0.03313859790491539 0.0031168091168091165
2 0.16599516518936341 0.0650883190883191 0.008557614826752618 0.003056980056980057
3 0.035362610797743756 0.06516239316239317 0.04373086220789686 0.003965811965811966
2 0.07858178887993553 0.06525356125356126 0.008489121676067687 0.003188034188034188
1 0.1356204673650282 0.06831908831908833 0.0695850120870266 0.009811965811965811
1 0.04804593070104754 0.06836752136752136 0.06956083803384368 0.011111111111111112
0 0.12796535052377117 0.07046438746438746 0.05430298146655923 0.005333333333333333
0 0.0393392425463336 0.07100854700854702 0.05192586623690572 0.0057293447293447295
2 0.1657614826752619 0.07586894586894587 0.008340048348106366 0.0029999999999999996
3 0.11598710717163578 0.07633903133903133 0.030104754230459305 0.003247863247863248
3 0.03246978243352135 0.07655270655270655 0.03794923448831587 0.0031566951566951566
2 0.07856164383561644 0.07658974358974359 0.008573730862207897 0.003056980056980057
1 0.135245769540693 0.07963817663817663 0.06974617244157938 0.010524216524216524
1 0.048013698630136985 0.08009116809116809 0.06977034649476228 0.010136752136752136
0 0.1281184528605963 0.08176353276353276 0.05460918614020951 0.005447293447293448
0 0.04008460918614021 0.08234188034188034 0.05415793714746172 0.005740740740740741
3 0.12031426269137792 0.0870968660968661 0.039218372280419016 0.003777777777777778
2 0.1644681708299758 0.08741025641025642 0.01112812248186946 0.0030797720797720797
2 0.07871877518130539 0.08766096866096866 0.00863819500402901 0.0030655270655270653
3 0.039939564867042705 0.0882022792022792 0.05313053988718775 0.003279202279202279
1 0.13531829170024173 0.0904985754985755 0.06989121676067687 0.011498575498575499
1 0.04839242546333602 0.09137321937321938 0.07052780016116036 0.009917378917378919
0 0.03923448831587429 0.09329059829059828 0.05196615632554391 0.005672364672364673
0 0.12777598710717164 0.09341880341880342 0.05417002417405318 0.005584045584045585
2 0.16592667203867847 0.0985868945868946 0.008178887993553586 0.0032962962962962963
3 0.11908138597904916 0.09883475783475784 0.03653908138597905 0.0032763532763532763
2 0.07862207896857372 0.09901424501424502 0.008694601128122481 0.0029373219373219376
3 0.023344077356970184 0.09917948717948719 0.019697824335213537 0.0034444444444444444
1 0.1354995970991136 0.10258404558404559 0.06994762288477036 0.010843304843304844
1 0.0485132957292506 0.10284045584045585 0.07077356970185335 0.010282051282051284
0 0.12701047542304594 0.10445014245014245 0.05215149073327961 0.00550997150997151
0 0.0396494762288477 0.10494871794871795 0.05279613215149073 0.005811965811965812
3 0.019069298952457694 0.12462962962962963 0.011148267526188558 0.0028034188034188035
1 0.04782836422240129 0.12474074074074074 0.07031426269137793 0.003997150997150997
2 0.07927880741337631 0.12487464387464388 0.006825141015310234 0.0026011396011396013
3 0.03111200644641418 0.1286125356125356 0.035233682514101534 0.002814814814814815
2 0.07941982272360999 0.12875498575498576 0.007111200644641417 0.0024045584045584044
1 0.04834407735697018 0.1288774928774929 0.06982675261885576 0.0041025641025641026
3 0.02632554391619662 0.13253561253561252 0.02589846897663175 0.002356125356125356
1 0.048207091055600323 0.13257834757834758 0.07015713134568896 0.003333333333333333
2 0.07925060435132956 0.1326096866096866 0.0072562449637389205 0.002336182336182336
1 0.04800564061240935 0.13625925925925925 0.07005640612409347 0.003817663817663818
3 0.0235334407735697 0.13633333333333333 0.01982675261885576 0.0025156695156695157
2 0.07919016921837228 0.1365185185185185 0.006889605157131346 0.0023675213675213675
1 0.04807010475423046 0.14017948717948717 0.06988718775181306 0.003703703703703704
2 0.07910958904109588 0.14023931623931624 0.007219983883964546 0.002891737891737892
3 0.02815874294923449 0.14031339031339032 0.0293190975020145 0.0030398860398860397
1 0.04816277195809831 0.144011396011396 0.07007252215954875 0.004105413105413106
3 0.025660757453666395 0.14415669515669516 0.024323126510878323 0.002945868945868946
2 0.07932312651087832 0.14447293447293447 0.006913779210314263 0.0027094017094017094
3 0.0259508460918614 0.14797720797720798 0.024903303787268332 0.002977207977207977
1 0.04788879935535858 0.1482962962962963 0.06921837228041902 0.004461538461538461
2 0.0791539081385979 0.14837891737891737 0.006329572925060436 0.0025698005698005697
3 0.026140209508460917 0.16740170940170943 0.026265108783239323 0.002735042735042735
1 0.047320709105560035 0.1675185185185185 0.07051168412570508 0.003997150997150997
2 0.07849717969379533 0.16762393162393163 0.006970185334407736 0.0030113960113960117
1 0.13524979854955682 0.16796581196581195 0.06975423045930701 0.004461538461538461
3 0.11259468170829975 0.16835042735042735 0.023561643835616437 0.0027321937321937322
2 0.1666720386784851 0.16835042735042735 0.006240934730056406 0.0023846153846153843
3 0.02411361804995971 0.17135327635327638 0.022215954875100724 0.002683760683760684
1 0.04765914585012087 0.17136467236467237 0.0699798549556809 0.003737891737891738
2 0.07885979049153907 0.17153561253561256 0.006970185334407736 0.00252991452991453
3 0.10558017727639002 0.1716923076923077 0.009532634971796938 0.0024985754985754984
1 0.1353303787268332 0.17174643874643875 0.06991539081385979 0.003641025641025641
2 0.166361804995971 0.17197435897435898 0.006353746978243352 0.0023703703703703703
1 0.047784045124899276 0.17485185185185187 0.06992344883158744 0.0034017094017094016
3 0.027135374697824333 0.1751082621082621 0.027767929089443998 0.002413105413105413
2 0.07851732473811442 0.1752820512820513 0.006768734891216761 0.0025897435897435897
1 0.1354754230459307 0.17532478632478632 0.07111200644641419 0.004133903133903134
3 0.11412167606768735 0.17542450142450142 0.02686140209508461 0.0026951566951566954
2 0.16641418211120065 0.17577777777777778 0.006708299758259467 0.0023703703703703703
1 0.04760676873489122 0.1789202279202279 0.0704754230459307 0.004017094017094017
3 0.02821112006446414 0.17902849002849003 0.03065269943593876 0.002814814814814815
2 0.0786180499597099 0.17904843304843307 0.006970185334407736 0.00250997150997151
3 0.10634971796937952 0.17911965811965813 0.010829975825946817 0.0024814814814814816
1 0.13567687348912166 0.17934188034188034 0.07060435132957293 0.004216524216524217
2 0.16649476228847704 0.17954131054131056 0.006627719580983078 0.0021082621082621085
1 0.04744560838033844 0.18252991452991452 0.07029008863819501 0.003384615384615385
2 0.07871474617244158 0.18282336182336184 0.006676067687348912 0.0022763532763532763
1 0.13571313456889605 0.18284900284900282 0.06976631748589847 0.00349002849002849
3 0.022473811442385173 0.1829002849002849 0.018932312651087833 0.00243019943019943
3 0.11551571313456889 0.18292592592592594 0.02891216760676874 0.0022905982905982902
2 0.16662369057211926 0.18322792022792023 0.005906526994359388 0.0020484330484330485
1 0.04759871071716358 0.18631908831908833 0.07046333601933924 0.003763532763532764
1 0.1355197421434327 0.18644444444444444 0.07029008863819501 0.0038034188034188035
3 0.02837228041901692 0.18647578347578347 0.031220789685737306 0.0028347578347578347
3 0.11273569701853345 0.18647863247863247 0.02336019339242546 0.0024957264957264956
2 0.16625302175664786 0.1867065527065527 0.006631748589846898 0.0019145299145299144
2 0.07875906526994358 0.1867321937321937 0.007006446414182112 0.0023105413105413103
1 0.13556809024979855 0.19004558404558403 0.07038678485092667 0.003908831908831909
3 0.11404915390813859 0.19025925925925924 0.027203867848509266 0.0029629629629629632
2 0.16673247381144238 0.19037891737891738 0.006365834004834811 0.0025156695156695157
3 0.0314464141821112 0.19042735042735043 0.036744560838033846 0.0027521367521367523
2 0.07914987912973408 0.19043304843304842 0.006325543916196615 0.002797720797720798
1 0.04755842062852539 0.19053561253561252 0.07007655116841258 0.004245014245014245