2 0.16653908138597906 0.0537065527065527 0.017767929089443996 0.0038660968660968664
3 0.022127316680096695 0.05388319088319088 0.02829170024174053 0.0038547008547008543
1 0.09156325543916197 0.0540997150997151 0.16917808219178082 0.00486039886039886
2 0.16658340048348105 0.06001139601139601 0.017856567284448024 0.004105413105413106
1 0.0919621273166801 0.06013675213675214 0.1696494762288477 0.0056609686609686615
3 0.03454472199838839 0.060245014245014245 0.05413779210314263 0.003951566951566951
0 0.0835132957292506 0.06055555555555556 0.04244157937147462 0.003971509971509971
1 0.09186543110394843 0.06639031339031339 0.16945608380338437 0.005603988603988605
2 0.1665310233682514 0.06652421652421653 0.017211925866236905 0.003997150997150997
3 0.037219983883964546 0.06665527065527066 0.05813859790491539 0.0039002849002849
1 0.09195406929895246 0.07280626780626781 0.16891216760676875 0.005361823361823362
2 0.16648267526188557 0.07304273504273504 0.017925060435132957 0.0039002849002849
3 0.04203464947622885 0.07304843304843305 0.06810233682514101 0.0035811965811965813
2 0.16650282030620467 0.0792991452991453 0.018501208702659148 0.0038461538461538464
1 0.09186946011281225 0.07931623931623931 0.16910153102336825 0.005301994301994302
3 0.0400201450443191 0.07959544159544159 0.06466559226430298 0.0040626780626780625
1 0.09175664786462531 0.08578062678062677 0.1685979049153908 0.005874643874643875
3 0.03343271555197422 0.08586039886039887 0.052232070910556 0.004162393162393163
2 0.1662369057211926 0.08593732193732194 0.017699435938759066 0.0038034188034188035
1 0.09203867848509267 0.09204843304843305 0.16991539081385978 0.005148148148148148
2 0.16637389202256245 0.09227920227920228 0.01797743755036261 0.0037293447293447295
3 0.029367445608380338 0.09230769230769231 0.04350926672038678 0.003660968660968661
2 0.1662167606768735 0.09862678062678062 0.019004834810636584 0.0038660968660968664
3 0.029721998388396453 0.09873789173789174 0.04483078162771958 0.003957264957264958
1 0.09182917002417405 0.09876068376068375 0.16971394037066884 0.005595441595441596
1 0.091651893634166 0.10499430199430199 0.1697904915390814 0.00556980056980057
2 0.16655922643029814 0.10511680911680911 0.018074133763094278 0.004094017094017094
3 0.061647864625302175 0.10523361823361824 0.10800564061240935 0.0035982905982905986
2 0.16637389202256245 0.11153561253561253 0.01797743755036261 0.003985754985754986
3 0.04294923448831587 0.11177777777777777 0.0699355358581789 0.003817663817663818
1 0.09170829975825948 0.11191452991452991 0.16904109589041097 0.005094017094017094
1 0.09178485092667205 0.11811680911680911 0.1696293311845286 0.004401709401709401
2 0.16596293311845287 0.11811965811965813 0.01903706688154714 0.00401994301994302
3 0.03156325543916197 0.11818803418803418 0.047502014504431915 0.0037692307692307695
0 0.07147461724415793 0.11853276353276354 0.03139000805801773 0.003857549857549857
2 0.16650282030620467 0.12437037037037038 0.017965350523771153 0.004148148148148148
3 0.022066881547139407 0.12457264957264957 0.028509266720386787 0.00366951566951567
1 0.09304593070104754 0.1246923076923077 0.17032232070910555 0.005487179487179488
0 0.05252618855761483 0.12490883190883191 0.031349717969379534 0.003971509971509971
2 0.35087832393231266 0.1432962962962963 0.01703062046736503 0.004025641025641026
1 0.2764464141821112 0.1434017094017094 0.16880338436744563 0.006854700854700854
3 0.2093593875906527 0.14363817663817663 0.031676067687348916 0.004148148148148148
0 0.27670427074939563 0.14393162393162393 0.09683319903303787 0.004424501424501424
2 0.35135374697824334 0.15003133903133903 0.01686140209508461 0.004131054131054131
3 0.21232070910556003 0.15032193732193733 0.03726430298146656 0.0036923076923076927
1 0.2771474617244158 0.1505156695156695 0.16736099919419822 0.005378917378917379
0 0.2837147461724416 0.15088888888888888 0.09971796937953263 0.004535612535612536
2 0.3509709911361805 0.156974358974359 0.01740128928283642 0.003985754985754986
1 0.2769742143432716 0.1571025641025641 0.16837630942788076 0.005210826210826211
3 0.24829170024174052 0.15711111111111112 0.10987912973408542 0.003923076923076923
3 0.21595487510072522 0.16389458689458689 0.046555197421434324 0.003908831908831909
1 0.27610797743755033 0.16574928774928774 0.16856567284448026 0.009444444444444445
0 0.2630701047542305 0.1663247863247863 0.14232070910556002 0.009068376068376068
2 0.3507211925866237 0.1675840455840456 0.01727639000805802 0.004159544159544159
3 0.2191136180499597 0.17465527065527064 0.05253424657534246 0.004213675213675213
1 0.27668009669621274 0.17676068376068374 0.16817082997582594 0.009985754985754986
0 0.25854955680902497 0.176994301994302 0.13236905721192588 0.009418803418803419
2 0.3509589041095891 0.1786866096866097 0.017381144238517325 0.0038689458689458688
2 0.3497663174858985 0.18542735042735042 0.019298952457695407 0.004113960113960114
1 0.2765269943593876 0.18545584045584046 0.16825141015310235 0.005612535612535613
3 0.22367042707493956 0.18552421652421655 0.06131345688960516 0.003552706552706553
2 0.3509468170829976 0.19215099715099718 0.01717163577759871 0.004324786324786324
1 0.27602336825141016 0.1923162393162393 0.16878323932312653 0.006549857549857549
3 0.22605157131345688 0.1923219373219373 0.06607171635777599 0.0040427350427350425
0 0.2991579371474617 0.19234188034188035 0.07366639806607575 0.004353276353276353
3 0.21011281224818695 0.19904273504273504 0.03385979049153908 0.003418803418803419
0 0.25622884770346493 0.20143304843304843 0.1268211120064464 0.008829059829059828
1 0.2764867042707494 0.20156410256410257 0.16855761482675263 0.010088319088319087
2 0.3507574536663981 0.20293447293447292 0.01735294117647059 0.004319088319088319
2 0.35209911361804996 0.2096695156695157 0.0151651893634166 0.004159544159544159
1 0.27622481869460114 0.20978347578347578 0.16842062852538275 0.005851851851851852
0 0.2318815471394037 0.20998575498575497 0.0439041095890411 0.004091168091168091
3 0.2002054794520548 0.210022792022792 0.014049153908138597 0.0041709401709401715
3 0.21676067687348913 0.21684900284900285 0.04749395648670427 0.003757834757834758
0 0.2557010475423046 0.21910826210826212 0.12546333601933923 0.009273504273504273
1 0.2765108783239323 0.21915954415954417 0.1682232070910556 0.010190883190883192
2 0.3507856567284448 0.2206809116809117 0.017405318291700243 0.004478632478632479
1 0.0915672844480258 0.22375498575498576 0.1688638195004029 0.005763532763532764
3 0.04411764705882353 0.22409116809116808 0.0712610797743755 0.0037065527065527066
2 0.16590249798549556 0.22421367521367522 0.018110394842868655 0.0043561253561253555
2 0.3509226430298147 0.22751851851851854 0.01767929089443997 0.003991452991452991
3 0.20069701853344077 0.22761823361823363 0.015370668815471394 0.0038518518518518515
1 0.27682111200644643 0.227977207977208 0.16806607574536664 0.005792022792022792
0 0.25920225624496374 0.22824786324786325 0.0955157131345689 0.004849002849002849
1 0.09187348912167607 0.2312905982905983 0.16829572925060435 0.005831908831908832
2 0.16621273166800968 0.23135897435897437 0.017651087832393234 0.004367521367521368
3 0.05587832393231265 0.23156980056980056 0.09478243352135375 0.0038888888888888888
2 0.3509951651893634 0.23427065527065527 0.017453666398066076 0.004128205128205128
1 0.2765229653505238 0.23431339031339032 0.16839242546333602 0.005592592592592593
3 0.20977034649476228 0.2343846153846154 0.033557614826752624 0.003586894586894587
0 0.2851289282836422 0.235011396011396 0.11072119258662369 0.004458689458689459
1 0.09186140209508462 0.2387692307692308 0.16911361804995972 0.005999999999999999
2 0.16603545527800162 0.23884330484330485 0.017570507655116842 0.004108262108262108
3 0.03535858178887994 0.2388974358974359 0.05377518130539887 0.004096866096866097
2 0.3508622078968574 0.240991452991453 0.018170829975825947 0.004222222222222223
3 0.2140249798549557 0.2413190883190883 0.04168412570507655 0.0038461538461538464
1 0.2763416599516519 0.24141595441595443 0.1685979049153908 0.005276353276353276
1 0.091941982272361 0.24607122507122509 0.16888799355358583 0.006507122507122507
2 0.16592264302981466 0.24624501424501427 0.01788477034649476 0.004259259259259259
3 0.038017727639000805 0.24632478632478633 0.05924254633360193 0.004017094017094017