1 0.21796937953263498 0.03388319088319088 0.1265269943593876 0.004207977207977208
3 0.16798146655922644 0.0340940170940171 0.02491941982272361 0.003658119658119658
2 0.2756809024979855 0.034227920227920226 0.008263497179693796 0.0032307692307692306
2 0.27563658340048347 0.03855270655270655 0.008823529411764706 0.0028974358974358976
1 0.21796937953263498 0.038689458689458694 0.1261966156325544 0.004324786324786324
3 0.1706889605157131 0.039094017094017094 0.02968170829975826 0.004207977207977208
2 0.27577356970185335 0.043139601139601136 0.008122481869460112 0.0030797720797720797
1 0.21815068493150686 0.0434985754985755 0.12602739726027398 0.004498575498575498
3 0.17703062046736504 0.04363532763532763 0.04269540692989524 0.0033817663817663816
2 0.2758299758259468 0.04767236467236467 0.00790894439967768 0.0026980056980056982
1 0.21773166800966962 0.048005698005698004 0.126696212731668 0.0038290598290598287
3 0.17759065269943594 0.048319088319088314 0.04451248992747784 0.0036153846153846154
1 0.21816680096696214 0.07331908831908833 0.12593875906526994 0.0037521367521367523
2 0.2764907332796132 0.07336467236467237 0.007929089443996777 0.0026894586894586894
3 0.16834407735697018 0.07348717948717949 0.025318291700241743 0.003626780626780627
1 0.21846494762288476 0.07776353276353276 0.12686140209508462 0.004800569800569801
2 0.27625705076551166 0.07799430199430199 0.008110394842868653 0.0034245014245014244
3 0.16920628525382758 0.07833618233618234 0.027365028203062046 0.004108262108262108
2 0.2765471394037067 0.08249572649572649 0.008041901692183722 0.002974358974358974
1 0.2187187751813054 0.08295156695156695 0.1270467365028203 0.0038860398860398864
3 0.18013295729250603 0.08313675213675213 0.04889605157131346 0.003566951566951567
2 0.2764907332796132 0.08665811965811966 0.008577759871071716 0.0030028490028490024
1 0.21823126510878324 0.0873988603988604 0.1271716357775987 0.0040427350427350425
3 0.17678082191780822 0.08756980056980057 0.042224012892828365 0.0036980056980056982
2 0.2765713134568896 0.11333618233618234 0.008416599516518937 0.0035811965811965813
1 0.21810636583400483 0.11336752136752137 0.1264705882352941 0.0047977207977207975
3 0.17400080580177277 0.11373789173789174 0.03728041901692184 0.003928774928774929
1 0.21837630942788075 0.11803988603988604 0.12668412570507656 0.005153846153846154
2 0.2767002417405318 0.11807407407407407 0.008021756647864626 0.0029202279202279204
3 0.17983883964544722 0.11857264957264957 0.04928283642224013 0.004834757834757834
2 0.2764907332796132 0.12223646723646724 0.007925060435132959 0.002948717948717949
1 0.21860596293311846 0.12296296296296297 0.1270668815471394 0.004125356125356126
3 0.1827276390008058 0.12311396011396011 0.0537590652699436 0.003552706552706553
2 0.27663980660757453 0.1269031339031339 0.007896857373086222 0.002831908831908832
1 0.2188477034649476 0.1275042735042735 0.12691377921031427 0.00449002849002849
3 0.18720789685737307 0.12753276353276352 0.0621071716357776 0.004438746438746439
2 0.2766559226430298 0.152991452991453 0.007929089443996777 0.0031538461538461538
1 0.2181587429492345 0.15324786324786324 0.12657534246575344 0.0043561253561253555
3 0.190870265914585 0.1536923076923077 0.07069701853344078 0.004096866096866097
2 0.2764665592264303 0.15753846153846154 0.007880741337630942 0.002566951566951567
1 0.21881547139403706 0.15787179487179487 0.1262570507655117 0.003925925925925926
3 0.18516518936341658 0.15814245014245015 0.05928686543110395 0.003547008547008547
2 0.2766156325543916 0.16189743589743588 0.008827558420628526 0.002527065527065527
1 0.21825946817082997 0.16202279202279204 0.12678485092667205 0.004829059829059829
3 0.1842788074133763 0.16305698005698008 0.05784045124899275 0.0036980056980056982
2 0.27695809830781626 0.16634757834757835 0.008537469782433521 0.002903133903133903
1 0.2181184528605963 0.16717948717948716 0.12641821112006446 0.003962962962962963
3 0.17273972602739726 0.1675982905982906 0.034431909750201446 0.0035584045584045585
2 0.27520547945205476 0.20995156695156694 0.007639000805801773 0.003452991452991453
1 0.2176873489121676 0.21005982905982903 0.1253102336825141 0.005056980056980057
3 0.187812248186946 0.21035042735042736 0.06425060435132958 0.0035612535612535613
2 0.2752538275584206 0.2144900284900285 0.008392425463336019 0.002621082621082621
1 0.21763900080580176 0.21467521367521367 0.12521353746978242 0.003917378917378918
3 0.1651853344077357 0.21506837606837606 0.019653505237711522 0.00354985754985755
1 0.2176913779210314 0.21887179487179487 0.12628928283642224 0.0049743589743589745
2 0.27542304593070105 0.2188803418803419 0.008074133763094278 0.0028746438746438748
3 0.18069298952457696 0.2197920227920228 0.05066881547139404 0.003547008547008547
2 0.2755036261079774 0.22345868945868946 0.0075825946817083 0.002814814814814815
1 0.21732473811442385 0.224017094017094 0.12703062046736505 0.004598290598290598
3 0.1695608380338437 0.22468376068376067 0.027751813053988716 0.003418803418803419