3 0.0854149879129734 0.2855099715099715 0.042751813053988716 0.004632478632478633
1 0.3018452860596293 0.28555555555555556 0.06430701047542305 0.016207977207977207
3 0.18744560838033844 0.2857264957264957 0.04284448025785657 0.005350427350427351
0 0.3014746172441579 0.2882962962962963 0.059601128122481875 0.009205128205128206
1 0.18843674456083803 0.29029629629629633 0.08409347300564061 0.015316239316239315
1 0.08556809024979854 0.29265527065527064 0.07178887993553586 0.020037037037037037
0 0.18808622078968573 0.292991452991453 0.08044721998388396 0.00923931623931624
0 0.08571313456889605 0.29503703703703704 0.07165189363416599 0.01391168091168091
1 0.30160354552780017 0.30066666666666664 0.06748992747784045 0.012076923076923077
3 0.30131748589846896 0.30073219373219373 0.06622481869460113 0.010042735042735043
3 0.18719580983078163 0.30264387464387466 0.06085414987912973 0.004475783475783476
2 0.3082272360999194 0.30293162393162393 0.006555197421434327 0.004564102564102564
1 0.18813053988718775 0.3076267806267806 0.0752296535052377 0.01562108262108262
3 0.08462530217566479 0.30800854700854696 0.0540491539081386 0.004683760683760684
0 0.18798549556809024 0.3101225071225071 0.07115229653505238 0.009005698005698006
2 0.32455680902497985 0.31148717948717947 0.006140209508460919 0.00443019943019943
3 0.29803384367445607 0.3115783475783476 0.04516921837228042 0.005282051282051282
1 0.08584609186140209 0.31302279202279204 0.05767929089443997 0.016686609686609687
0 0.08502417405318292 0.31494301994301993 0.053730862207896864 0.00929059829059829
1 0.30169621273166797 0.3161253561253561 0.06309427880741338 0.015766381766381767
0 0.3014665592264303 0.3184928774928775 0.05958501208702659 0.008501424501424501
3 0.26815068493150684 0.039478632478632474 0.04669218372280419 0.005293447293447293
3 0.10811039484286865 0.03986324786324786 0.05484286865431104 0.004894586894586894
1 0.273058017727639 0.0440940170940171 0.126696212731668 0.016492877492877492
1 0.11213940370668815 0.04432193732193732 0.12591458501208702 0.017398860398860398
0 0.11061643835616439 0.04688888888888889 0.12021353746978243 0.010176638176638176
0 0.272365028203062 0.046891737891737895 0.12498388396454471 0.00988888888888889
3 0.26802175664786465 0.05667806267806268 0.03775181305398872 0.005492877492877493
3 0.10679290894439968 0.05678632478632478 0.040225624496373895 0.004535612535612536
1 0.27164383561643834 0.06135327635327635 0.1436623690572119 0.013937321937321938
1 0.11159951651893635 0.06161538461538462 0.1236180499597099 0.014954415954415955
0 0.11127719580983078 0.06397435897435898 0.12112409347300564 0.010142450142450143
0 0.2718372280419017 0.06400569800569801 0.14129331184528607 0.009623931623931624
3 0.10687348912167606 0.07412535612535613 0.06147058823529412 0.005011396011396011
3 0.268303787268332 0.07427350427350426 0.06312248186946011 0.005606837606837607
1 0.11068493150684933 0.07893162393162394 0.10868654311039484 0.014957264957264958
1 0.2717566478646253 0.08162678062678062 0.10595487510072522 0.020344729344729345
0 0.11057211925866237 0.08173789173789173 0.10813456889605157 0.009717948717948718
0 0.2717042707493956 0.08432478632478634 0.10630539887187752 0.0146011396011396
3 0.10709105560032232 0.09137321937321938 0.03461724415793715 0.005017094017094017
1 0.11116438356164385 0.09457834757834759 0.1496535052377115 0.01161823361823362
0 0.11104754230459307 0.09656410256410257 0.14918614020950846 0.005752136752136753
1 0.2740733279613215 0.12682051282051282 0.044879129734085414 0.006037037037037038
2 0.2922723609991942 0.12701139601139602 0.006055600322320709 0.004091168091168091
3 0.10476228847703464 0.12744729344729344 0.06054794520547945 0.004666666666666666
3 0.27018936341659955 0.12755840455840456 0.035479452054794525 0.0046011396011396005
2 0.1392747784045125 0.12765527065527066 0.006796937953263498 0.004210826210826211
1 0.10949234488315875 0.1319002849002849 0.11112812248186946 0.015538461538461537
2 0.2903908138597905 0.13446438746438746 0.007671232876712329 0.004088319088319088
1 0.27352538275584204 0.1345897435897436 0.04258662369057212 0.00547008547008547
3 0.2692264302981467 0.1346153846153846 0.03189766317485899 0.00439031339031339
0 0.10917002417405318 0.13503988603988604 0.11027800161160353 0.011045584045584046
2 0.29677679290894443 0.14235042735042736 0.008041901692183722 0.004071225071225071
3 0.26976631748589847 0.14261823361823361 0.04496776792908944 0.004319088319088319
2 0.14660354552780017 0.14455840455840455 0.006575342465753425 0.004108262108262108
3 0.1050805801772764 0.1446894586894587 0.07441982272361 0.004364672364672364
1 0.10897663174858986 0.14730199430199428 0.12182111200644642 0.010247863247863247
1 0.27398066075745364 0.1475014245014245 0.11844480257856568 0.01391168091168091
0 0.2736502820306205 0.14956980056980057 0.11721998388396454 0.008866096866096866
0 0.10862207896857375 0.15007407407407408 0.12211120064464141 0.0057008547008547015
3 0.10894439967767929 0.15716239316239317 0.06312651087832394 0.004760683760683761
1 0.10893634165995165 0.1596923076923077 0.0907010475423046 0.01112820512820513
3 0.10450846091861402 0.16943874643874646 0.036482675261885575 0.005048433048433048
2 0.12749395648670428 0.16966951566951566 0.007219983883964546 0.004632478632478633
1 0.10879532634971796 0.1745982905982906 0.0966317485898469 0.01508831908831909
0 0.10916196615632555 0.17707407407407408 0.09497985495568091 0.00892022792022792
3 0.26917808219178085 0.18113960113960112 0.06551168412570507 0.00554985754985755
2 0.3070588235294118 0.18125641025641026 0.008348106365834005 0.004715099715099715
1 0.273972602739726 0.18583190883190884 0.10763900080580178 0.015527065527065526
3 0.1047502014504432 0.18666951566951567 0.04192586623690572 0.004142450142450143
2 0.12993553585817888 0.18684045584045583 0.006309427880741338 0.004193732193732194
0 0.27371474617244157 0.18855555555555556 0.10577759871071717 0.009376068376068376
1 0.10974617244157936 0.18952991452991452 0.08335213537469782 0.010809116809116809
0 0.10918211120064464 0.19187179487179487 0.0817969379532635 0.004897435897435898
3 0.27396051571313457 0.19855840455840457 0.07024576954069299 0.0056809116809116815
3 0.10514504431909752 0.19929344729344728 0.05511281224818694 0.0039544159544159544
2 0.136494762288477 0.19934188034188036 0.007856567284448026 0.004056980056980057
1 0.27453666398066073 0.20135042735042735 0.12794520547945207 0.010527065527065527
1 0.10898468976631749 0.20224216524216523 0.13011281224818694 0.009410256410256411
0 0.2746293311845286 0.20339886039886038 0.12703464947622886 0.0054444444444444445
0 0.10893231265108784 0.20442450142450141 0.12924657534246575 0.004863247863247863
1 0.11106365834004836 0.2308062678062678 0.03569298952457695 0.007834757834757835
3 0.11114423851732474 0.23104273504273506 0.03507655116841257 0.005216524216524216
1 0.05711522965350523 0.23274074074074072 0.03047139403706688 0.011706552706552707
3 0.2723368251410153 0.23304273504273504 0.03280016116035455 0.009222222222222222
3 0.2185737308622079 0.23324216524216523 0.035104754230459306 0.010472934472934473
3 0.05714343271555198 0.2332820512820513 0.02925463336019339 0.009698005698005698
1 0.21894037066881547 0.2334074074074074 0.03967767929089444 0.012393162393162393
1 0.27168009669621274 0.23342735042735044 0.03606365834004835 0.010487179487179487
3 0.16501611603545527 0.2336239316239316 0.03459709911361805 0.010099715099715101
1 0.16472199838839643 0.23364102564102565 0.038497179693795326 0.012207977207977208
1 0.3254834810636584 0.2351139601139601 0.029073327961321515 0.017102564102564104
3 0.3264302981466559 0.23584330484330482 0.026736502820306204 0.01567806267806268
3 0.2988275584206285 0.26813675213675214 0.08297340854149879 0.004874643874643874
3 0.08575342465753424 0.2682564102564103 0.03940370668815471 0.004829059829059829
3 0.18767929089443997 0.26825925925925925 0.08596293311845286 0.005122507122507123
2 0.3436623690572119 0.26835042735042736 0.004661563255439162 0.004680911680911681
1 0.302477840451249 0.2700740740740741 0.09215551974214344 0.011176638176638175
1 0.1880942788074134 0.27247863247863247 0.08799758259468171 0.015982905982905984
1 0.0845447219983884 0.27266096866096867 0.08808219178082193 0.0156980056980057
0 0.30085817888799354 0.2732250712250712 0.07077356970185335 0.00449002849002849
0 0.18798549556809024 0.2755954415954416 0.05915793714746173 0.00894017094017094
0 0.08497179693795326 0.2758034188034188 0.0825624496373892 0.009940170940170941
3 0.29880741337630945 0.28074928774928776 0.058384367445608376 0.005065527065527066
2 0.33141418211120066 0.28074928774928776 0.0033199033037872683 0.004923076923076923