1 0.07796937953263497 0.03274928774928775 0.13012892828364223 0.006660968660968661
3 0.043178887993553586 0.03295156695156695 0.058952457695406926 0.005404558404558404
2 0.13489927477840452 0.03303418803418803 0.011470588235294118 0.005099715099715099
1 0.07825141015310233 0.03884615384615384 0.12923045930701046 0.00647008547008547
2 0.1360394842868654 0.038997150997150995 0.012203867848509267 0.004247863247863248
3 0.054814665592264306 0.039316239316239315 0.08165592264302982 0.005712250712250713
1 0.37154713940370665 0.041894586894586895 0.1290491539081386 0.04764957264957265
2 0.1357050765511684 0.04482051282051282 0.01153102336825141 0.004216524216524217
3 0.0511361804995971 0.04484330484330484 0.07487107171635778 0.005145299145299145
1 0.07826349717969379 0.04504843304843305 0.13143835616438357 0.0064843304843304845
0 0.37141418211120064 0.04507122507122507 0.1278485092667204 0.04086324786324787
3 0.03178082191780822 0.050535612535612534 0.03615632554391619 0.0045128205128205125
2 0.13568896051571314 0.05099145299145299 0.011502820306204673 0.004874643874643874
1 0.07806204673650283 0.051034188034188036 0.1303142626913779 0.006193732193732193
3 0.029246575342465754 0.06256125356125357 0.031273166800966964 0.00494017094017094
2 0.13598710717163576 0.06262108262108262 0.013126510878323932 0.005133903133903134
1 0.07870668815471393 0.07077777777777777 0.13014504431909749 0.023367521367521366
0 0.06610797743755037 0.07373219373219374 0.10481063658340048 0.01685185185185185
3 0.3342788074133763 0.07739031339031338 0.052671232876712326 0.007538461538461539
2 0.42879935535858177 0.07803133903133903 0.010201450443190974 0.005652421652421653
1 0.371651893634166 0.08018233618233618 0.129262691377921 0.012877492877492878
0 0.3607695406929895 0.08457264957264958 0.10599516518936342 0.0064729344729344725
3 0.04561240934730056 0.09223361823361824 0.06400080580177277 0.005786324786324786
1 0.07758662369057212 0.09521082621082622 0.1293634165995165 0.011846153846153847
0 0.05194198227236099 0.09793447293447294 0.0770467365028203 0.006353276353276353
2 0.13493956486704273 0.09825071225071226 0.011551168412570508 0.00556980056980057
3 0.045354552780016114 0.12515099715099715 0.06236502820306204 0.004766381766381766
1 0.07745366639806608 0.1252193732193732 0.1276390008058018 0.005806267806267806
2 0.1353102336825141 0.12525925925925926 0.01177276390008058 0.004461538461538461
1 0.07765511684125706 0.13096866096866097 0.12876309427880742 0.0064643874643874645
3 0.054129734085414986 0.13107692307692306 0.08160354552780016 0.005472934472934473
2 0.13536663980660757 0.13155555555555556 0.010858178887993553 0.0050028490028490025
2 0.13483078162771958 0.1372962962962963 0.010302175664786462 0.0037094017094017094
1 0.07740934730056406 0.1374928774928775 0.12754633360193393 0.005578347578347578
3 0.040918614020950844 0.1377179487179487 0.05405721192586623 0.004720797720797721
1 0.2245608380338437 0.15735612535612536 0.13062852538275585 0.006592592592592593
2 0.2828887993553586 0.15750142450142451 0.012659145850120871 0.006153846153846154
3 0.03143835616438356 0.1575897435897436 0.03509669621273167 0.006364672364672364
3 0.19079371474617243 0.15765242165242166 0.06182514101531023 0.0060911680911680905
2 0.1353102336825141 0.15808831908831908 0.010229653505237711 0.0055042735042735045
1 0.07682917002417405 0.1811908831908832 0.12713940370668816 0.05572079772079772
3 0.1916559226430298 0.1845099715099715 0.06199838839645447 0.009831908831908832
0 0.07735697018533441 0.18576068376068375 0.1278726833199033 0.04698860398860399
1 0.22529814665592265 0.18717378917378918 0.1306446414182111 0.017444444444444443
2 0.4293029814665592 0.18786324786324785 0.010692989524576953 0.003720797720797721
1 0.3717767929089444 0.18807122507122506 0.12796132151490736 0.005598290598290598
3 0.31913779210314264 0.1880968660968661 0.022683319903303786 0.00492022792022792
0 0.2030177276390008 0.19264387464387464 0.0851248992747784 0.006663817663817664
2 0.28172038678485095 0.19282621082621085 0.013928283642224013 0.005247863247863248
1 0.3712006446414182 0.193977207977208 0.12784045124899276 0.005358974358974359
3 0.33992747784045124 0.19414529914529915 0.06425866236905721 0.004962962962962963
2 0.4291257050765511 0.19427065527065526 0.011365834004834811 0.005213675213675214
3 0.3366357775987107 0.2001082621082621 0.05796937953263497 0.004649572649572649
2 0.42887590652699437 0.20016239316239318 0.0124174053182917 0.00531908831908832
1 0.3717002417405318 0.20031054131054132 0.1288436744560838 0.006344729344729344
3 0.3242344883158743 0.02096011396011396 0.03257856567284448 0.006108262108262108
2 0.4291136180499597 0.021484330484330485 0.01185737308622079 0.005364672364672364
1 0.077187751813054 0.026703703703703705 0.12928686543110393 0.006441595441595441
2 0.13523368251410153 0.026962962962962963 0.010592264302981467 0.005370370370370371
3 0.04110394842868654 0.02707977207977208 0.05367042707493957 0.004877492877492878