3 0.02848509266720387 0.032851851851851854 0.04559629331184529 0.004125356125356126
1 0.07697421434327156 0.03286894586894587 0.14428686543110394 0.006054131054131054
2 0.13699838839645445 0.03384045584045584 0.02137792103142627 0.0038547008547008543
3 0.0320668815471394 0.03954131054131054 0.052107171635777605 0.0050028490028490025
1 0.07743352135374698 0.03961538461538462 0.14360596293311845 0.007686609686609687
2 0.13715954875100725 0.040638176638176635 0.021506849315068494 0.00441025641025641
3 0.03830378726833199 0.045940170940170943 0.06458501208702659 0.004373219373219373
1 0.07702659145850121 0.0464985754985755 0.14267123287671232 0.006680911680911681
2 0.136651893634166 0.04747863247863248 0.021655922643029814 0.003948717948717949
3 0.030600322320709108 0.053014245014245016 0.049174053182917 0.004629629629629629
1 0.07703464947622884 0.053202279202279205 0.14407735697018534 0.006176638176638176
2 0.1370024174053183 0.05404843304843305 0.021192586623690574 0.003914529914529914
3 0.023646253021756648 0.059319088319088324 0.03526591458501209 0.0047378917378917374
1 0.07738920225624497 0.05952136752136752 0.1438477034649476 0.006985754985754986
2 0.1368452860596293 0.060840455840455845 0.021269137792103144 0.004045584045584046
3 0.024645447219983886 0.06593447293447294 0.03726430298146656 0.00547008547008547
1 0.0765310233682514 0.06669515669515669 0.14302175664786462 0.007720797720797722
2 0.13668815471394036 0.06743019943019943 0.02115229653505238 0.004045584045584046
3 0.027804190169218375 0.07317663817663818 0.04153102336825141 0.004185185185185185
1 0.0770467365028203 0.07402564102564102 0.14271152296535053 0.0062678062678062675
2 0.1368614020950846 0.0743019943019943 0.0213013698630137 0.0040626780626780625
3 0.028062046736502824 0.07984045584045585 0.042493956486704274 0.0045042735042735045
1 0.07635374697824335 0.08017094017094016 0.1426873489121676 0.006555555555555556
2 0.13676470588235293 0.08088034188034188 0.020910556003223207 0.004185185185185185
3 0.030620467365028204 0.08624216524216524 0.04895648670427075 0.004612535612535613
1 0.07715149073327962 0.08686609686609686 0.14426269137792103 0.006891737891737892
2 0.1365954875100725 0.08736182336182335 0.021543110394842867 0.0038290598290598287
3 0.02764302981466559 0.09282621082621083 0.043900080580177275 0.00445014245014245
1 0.07730056406124095 0.09365527065527066 0.14366639806607573 0.007695156695156696
2 0.13682514101531024 0.09425356125356125 0.02161563255439162 0.004438746438746439
3 0.04067284448025786 0.09996296296296296 0.06726833199033039 0.0044444444444444444
1 0.07721595487510073 0.09998575498575499 0.14304995970991136 0.006245014245014245
2 0.1368211120064464 0.10072079772079771 0.021027397260273972 0.0040541310541310546
3 0.03307413376309428 0.10654985754985755 0.05251813053988719 0.004293447293447294
1 0.07723609991941982 0.10678347578347579 0.14308622078968572 0.006977207977207977
2 0.13690572119258662 0.10732763532763534 0.021583400483481063 0.0039544159544159544
3 0.0364262691377921 0.11300854700854701 0.05922240128928284 0.004518518518518518
1 0.076651893634166 0.11303133903133904 0.14265511684125703 0.006088319088319088
2 0.13660354552780016 0.113994301994302 0.021567284448025786 0.003794871794871795
3 0.034613215149073326 0.11985185185185185 0.05514907332796132 0.0042393162393162395
1 0.07724012892828365 0.12022507122507123 0.14260273972602738 0.0071709401709401715
2 0.13668815471394036 0.12032478632478631 0.02211522965350524 0.004142450142450143
3 0.02548751007252216 0.1264074074074074 0.036897663174858986 0.004658119658119658
2 0.1370467365028203 0.1272934472934473 0.021478646253021757 0.0042193732193732195
1 0.0776430298146656 0.12730769230769232 0.14279613215149073 0.007461538461538462
3 0.032856567284448024 0.1717806267806268 0.05298549556809025 0.004643874643874644
2 0.13748992747784045 0.17194017094017094 0.021007252215954876 0.004017094017094017
1 0.07735697018533441 0.17205982905982906 0.14467767929089442 0.0064729344729344725
3 0.03208299758259468 0.17956125356125355 0.05143432715551974 0.005606837606837607
2 0.1373972602739726 0.17974928774928775 0.021788879935535858 0.004122507122507123
1 0.07720789685737309 0.17976068376068377 0.14438356164383562 0.00696011396011396
2 0.13769137792103142 0.18773789173789174 0.02218372280419017 0.004589743589743589
3 0.035193392425463335 0.18782051282051282 0.059456083803384366 0.004358974358974359
1 0.07719983883964546 0.18806267806267807 0.14525785656728443 0.0061111111111111106
3 0.030386784850926673 0.19544159544159545 0.04939161966156326 0.004680911680911681
2 0.13771958098307815 0.1954700854700855 0.021853344077356972 0.004267806267806268
1 0.0772723609991942 0.19589458689458691 0.14630539887187752 0.006857549857549858
1 0.0775825946817083 0.02585185185185185 0.1451289282836422 0.0070427350427350426
3 0.04771152296535052 0.026433048433048435 0.08340048348106366 0.005638176638176638
2 0.1370709105560032 0.026894586894586896 0.02152296535052377 0.00450997150997151