2 0.28642224012892825 0.04352136752136752 0.019875100725221594 0.004863247863247863
3 0.18005237711522964 0.043541310541310545 0.024484286865431106 0.004720797720797721
2 0.14180096696212732 0.04382905982905983 0.01920628525382756 0.005478632478632479
1 0.23219983883964546 0.04390598290598291 0.1291337630942788 0.006031339031339032
1 0.0876873489121676 0.044037037037037034 0.1303746978243352 0.00588888888888889
3 0.05300966962127317 0.04424501424501425 0.05973408541498791 0.004712250712250712
2 0.2859951651893634 0.053905982905982905 0.01902095084609186 0.005182336182336183
2 0.14205882352941177 0.05394301994301994 0.018013698630136986 0.004857549857549858
3 0.1873126510878324 0.05400569800569801 0.037171635777598716 0.003834757834757835
3 0.03929895245769541 0.05414814814814815 0.031027397260273974 0.005153846153846154
1 0.23217163577759872 0.05430769230769231 0.1273771152296535 0.005185185185185185
1 0.08698227236099919 0.05434757834757834 0.12953263497179693 0.006068376068376068
3 0.18906124093473006 0.06395156695156695 0.04161563255439162 0.004792022792022792
2 0.28603142626913775 0.06402279202279203 0.01910153102336825 0.0049743589743589745
1 0.2318815471394037 0.06413105413105413 0.12963336019339242 0.005190883190883191
1 0.08698630136986302 0.06413390313390314 0.13005237711522966 0.005193732193732194
2 0.14160354552780016 0.06416809116809116 0.018811442385173245 0.005666666666666667
3 0.037848509266720384 0.06462962962962963 0.029391619661563256 0.005336182336182336
2 0.2860636583400483 0.07429344729344729 0.019726027397260273 0.005071225071225071
1 0.2325825946817083 0.07434757834757834 0.12876712328767123 0.005974358974358974
1 0.08754230459307011 0.07444159544159545 0.13008863819500402 0.005364672364672364
3 0.18379129734085414 0.0744928774928775 0.03174456083803385 0.004555555555555556
3 0.053944399677679285 0.0745014245014245 0.061829170024174054 0.004133903133903134
2 0.14182917002417406 0.07452991452991453 0.01869460112812248 0.005142450142450143
3 0.19168009669621272 0.0842108262108262 0.04828767123287671 0.005962962962962963
1 0.23263094278807414 0.08423361823361825 0.12999597099113616 0.005703703703703704
2 0.1418170829975826 0.08437606837606838 0.018670427074939565 0.004789173789173789
2 0.28631345688960513 0.08447008547008547 0.01966156325543916 0.004575498575498575
1 0.0869218372280419 0.08456980056980057 0.1299758259468171 0.005974358974358974
3 0.0367969379532635 0.0846011396011396 0.026958098307816276 0.004783475783475783
2 0.2860999194198227 0.09475213675213674 0.019230459307010474 0.005495726495726496
3 0.049359387590652705 0.09475783475783477 0.05286059629331184 0.004917378917378918
1 0.23203062046736503 0.09476923076923077 0.12879129734085415 0.005928774928774928
3 0.19897663174858984 0.0947920227920228 0.06260676873489121 0.005247863247863248
1 0.08744963738920226 0.09483760683760684 0.12989927477840452 0.006068376068376068
2 0.14183722804190171 0.09517663817663817 0.01871071716357776 0.0059458689458689465
3 0.06753424657534247 0.10477492877492878 0.08950846091861402 0.005094017094017094
2 0.14257050765511683 0.10486039886039886 0.017904915390813857 0.0048660968660968655
1 0.08771958098307817 0.10496296296296297 0.12930701047542303 0.00586894586894587
2 0.141651893634166 0.11519373219373219 0.019472199838839646 0.005085470085470086
1 0.08737711522965351 0.11554985754985754 0.12975825946817082 0.005800569800569801
3 0.04083803384367445 0.11569230769230769 0.03532232070910556 0.005139601139601139
2 0.1434286865431104 0.15381196581196582 0.019057211925866235 0.005356125356125356
3 0.041293311845286056 0.15411396011396014 0.034407735697018535 0.005672364672364673
1 0.08872683319903303 0.1543219373219373 0.13094681708299757 0.006663817663817664
2 0.14350926672038677 0.16384330484330487 0.01921837228041902 0.006977207977207977
3 0.05242949234488316 0.16401994301994302 0.05748992747784045 0.005903133903133902
1 0.08842465753424658 0.1640883190883191 0.13035052377115228 0.007452991452991453
3 0.05499597099113618 0.17434188034188036 0.0625624496373892 0.0061025641025641035
2 0.14321917808219178 0.1745185185185185 0.02033440773569702 0.005874643874643875
1 0.08835213537469783 0.1746068376068376 0.1311804995970991 0.006273504273504273
1 0.08881950040290088 0.1846324786324786 0.1311321514907333 0.008276353276353277
2 0.14309024979854953 0.1847321937321937 0.02064464141821112 0.005056980056980057
3 0.0682473811442385 0.184991452991453 0.08991539081385978 0.005652421652421653