3 0.04641821112006446 0.034786324786324783 0.05943996776792909 0.005358974358974359
2 0.10363819500402902 0.03479487179487179 0.009987912973408541 0.005555555555555556
1 0.06300966962127316 0.03502564102564103 0.09454069298952458 0.007370370370370371
1 0.06285253827558421 0.044994301994301995 0.09294520547945205 0.0074643874643874645
3 0.04188154713940371 0.045313390313390316 0.050636583400483486 0.004541310541310541
2 0.1038436744560838 0.045717948717948716 0.011031426269137792 0.004854700854700854
2 0.10369460112812248 0.05572934472934473 0.010737308622078967 0.004131054131054131
1 0.06310233682514102 0.05583760683760684 0.09471796937953264 0.006603988603988604
3 0.043771152296535054 0.05589743589743589 0.054975825946817075 0.004341880341880342
2 0.10409750201450443 0.06595441595441595 0.01217566478646253 0.005190883190883191
3 0.05222804190169218 0.06607692307692307 0.0727276390008058 0.0045128205128205125
1 0.06365028203062047 0.06628205128205128 0.09773166800966962 0.006296296296296296
2 0.16596696212731668 0.09003133903133903 0.010286059629331185 0.005096866096866097
3 0.11365431103948427 0.09021652421652422 0.052018533440773576 0.004507122507122507
1 0.12992747784045125 0.09028490028490029 0.08616035455278001 0.007854700854700854
1 0.128928283642224 0.10029344729344729 0.08670829975825947 0.006230769230769231
3 0.10108783239323127 0.10032193732193732 0.026885576148267528 0.00394017094017094
2 0.1656406124093473 0.10052991452991453 0.011547139403706688 0.004897435897435898
3 0.10441579371474619 0.11067806267806268 0.03297743755036261 0.004663817663817664
1 0.12960515713134568 0.11084045584045585 0.08487912973408542 0.007478632478632479
2 0.16432312651087833 0.11096581196581197 0.01274375503626108 0.004575498575498575
3 0.11059226430298147 0.12084330484330486 0.04505640612409347 0.004415954415954416
2 0.1656446414182111 0.12124786324786324 0.011559226430298147 0.004846153846153846
1 0.1298791297340854 0.1215954415954416 0.08542304593070105 0.007797720797720798
3 0.04200241740531829 0.1440883190883191 0.0408058017727639 0.004398860398860399
2 0.09967365028203061 0.14413675213675214 0.010346494762288477 0.004176638176638177
1 0.06303384367445608 0.14461538461538462 0.0856607574536664 0.007390313390313391
2 0.09934730056406124 0.15445584045584046 0.010330378726833199 0.004971509971509971
3 0.05197824335213537 0.15451282051282053 0.06327558420628526 0.004472934472934472
1 0.0635334407735697 0.15474358974358973 0.08729653505237711 0.0069002849002849
2 0.09969782433521353 0.16429629629629627 0.011035455278001613 0.004814814814814814
3 0.04537872683319903 0.16474074074074074 0.0486784850926672 0.004344729344729344
1 0.06396454472199839 0.16499145299145299 0.08624093473005641 0.006652421652421653
2 0.10037469782433521 0.1748148148148148 0.01111200644641418 0.004655270655270655
3 0.04449637389202256 0.17485754985754987 0.046349717969379534 0.004396011396011396
1 0.06314665592264303 0.1755128205128205 0.0846051571313457 0.008304843304843304