1 0.14202659145850122 0.2924843304843305 0.20557614826752618 0.025367521367521368
0 0.10927880741337631 0.2972905982905983 0.14112409347300564 0.01436182336182336
3 0.07424657534246576 0.16489743589743588 0.06688960515713135 0.008022792022792023
2 0.22774778404512488 0.16494871794871796 0.0354754230459307 0.008125356125356125
1 0.14165995165189366 0.17417663817663817 0.20900483481063659 0.029438746438746437
0 0.13531426269137792 0.17766666666666667 0.19111200644641418 0.016626780626780628
2 0.22849717969379532 0.19348433048433047 0.03384770346494762 0.007763532763532763
3 0.07561240934730055 0.19348717948717947 0.0654552780016116 0.007772079772079773
1 0.1425261885576148 0.19814529914529916 0.20553182917002416 0.020766381766381767
0 0.12341257050765511 0.20375498575498574 0.16418211120064463 0.009897435897435898
2 0.22807010475423048 0.21366666666666667 0.03299355358581789 0.0068945868945868944
3 0.07214746172441579 0.21378632478632478 0.06060435132957292 0.007871794871794872
1 0.1410918614020951 0.2216923076923077 0.20787268331990333 0.025156695156695157
0 0.13537066881547138 0.22721937321937322 0.19122481869460112 0.014854700854700855
3 0.08491136180499598 0.2637122507122507 0.08509266720386785 0.008321937321937322
2 0.22839645447219983 0.26522792022792024 0.03364625302175665 0.00988034188034188
1 0.14311442385173245 0.26966666666666667 0.2077518130539887 0.02096296296296296
0 0.13567284448025785 0.2743789173789174 0.19182917002417404 0.00903988603988604
2 0.22775987107171633 0.2843019943019943 0.03133360193392425 0.008264957264957266
3 0.07707091055600322 0.28476638176638175 0.06941982272361 0.008455840455840457