2 0.27636986301369865 0.2865185185185185 0.0108058017727639 0.006888888888888889
3 0.0736583400483481 0.28692877492877494 0.07471796937953264 0.007706552706552707
1 0.1604512489927478 0.2878005698005698 0.25149476228847706 0.013957264957264957
2 0.2763255439161966 0.29903988603988607 0.012840451248992748 0.0071509971509971515
3 0.09710314262691377 0.2998005698005698 0.12055197421434326 0.006421652421652421
1 0.16069298952457695 0.3001680911680911 0.24985092667203868 0.011176638176638175
2 0.27619258662369056 0.3118803418803419 0.010447219983883965 0.007304843304843305
3 0.05502820306204674 0.312019943019943 0.03533843674456084 0.0060826210826210834
1 0.16081385979049154 0.3126524216524217 0.2500966962127317 0.013353276353276353
2 0.273348106365834 0.323988603988604 0.01750201450443191 0.006740740740740741
1 0.16006043513295728 0.32462962962962966 0.25071313456889605 0.010276353276353277
3 0.07327961321514907 0.3247008547008547 0.07290088638195004 0.006666666666666666
3 0.06228444802578566 0.3532279202279202 0.05091055600322321 0.006652421652421653
2 0.27668412570507656 0.3535641025641026 0.011434327155519742 0.006575498575498575
1 0.16023368251410153 0.3541994301994302 0.2510556003223207 0.012353276353276352
3 0.06527800161160355 0.36615384615384616 0.057961321514907335 0.007726495726495727
2 0.2766921837228042 0.3667977207977208 0.013904109589041095 0.005672364672364673
1 0.16056809024979854 0.3668034188034188 0.25172844480257855 0.012028490028490027
2 0.27584206285253826 0.3781851851851852 0.012937147461724415 0.006259259259259259
3 0.08113215149073329 0.37876923076923075 0.0896696212731668 0.008182336182336183
1 0.16132957292506045 0.3795099715099715 0.2532473811442385 0.010413105413105412
3 0.09052377115229654 0.4088917378917379 0.10951248992747784 0.008356125356125356
1 0.1603464947622885 0.40897435897435896 0.25021756647864624 0.012273504273504272
2 0.2767767929089444 0.4092193732193732 0.011615632554391618 0.007507122507122508
1 0.16019742143432716 0.4215498575498576 0.24914585012087026 0.01062962962962963
3 0.07316277195809831 0.4218404558404559 0.07372683319903305 0.007974358974358975
2 0.27659951651893633 0.4221111111111111 0.011265108783239323 0.007011396011396011
1 0.160825946817083 0.4512991452991453 0.2532997582594682 0.013581196581196582
2 0.2766680096696213 0.4514729344729345 0.010338436744560838 0.007168091168091168
3 0.061067687348912165 0.45162678062678063 0.048477034649476225 0.007475783475783476
2 0.27653505237711523 0.46426210826210823 0.012199838839645448 0.0072193732193732195
1 0.16178887993553587 0.4642735042735042 0.25310636583400486 0.013247863247863248
3 0.0635334407735697 0.46449002849002846 0.052344883158742944 0.006923076923076923
2 0.27636180499597096 0.4764672364672365 0.012908944399677678 0.006849002849002849
3 0.07589443996776793 0.47658974358974354 0.07812651087832394 0.007094017094017094
1 0.16083400483481064 0.4770655270655271 0.2512006446414182 0.013304843304843305
2 0.2776631748589847 0.5081424501424501 0.01339242546333602 0.007125356125356126
3 0.06139403706688155 0.5083703703703704 0.04643835616438356 0.007433048433048433
1 0.16123287671232878 0.5092962962962964 0.24987107171635775 0.012438746438746437
2 0.2763497179693795 0.5381025641025641 0.012884770346494762 0.006723646723646724
1 0.1598751007252216 0.5381253561253561 0.25033843674456085 0.012284900284900284
3 0.046208702659145846 0.5381538461538462 0.01840451248992748 0.006433048433048432
2 0.276406124093473 0.5505156695156695 0.011941982272360999 0.0077777777777777776
3 0.060346494762288476 0.5510398860398861 0.04641015310233682 0.006188034188034187
1 0.16073327961321515 0.5511481481481482 0.24886784850926674 0.010547008547008548
2 0.2763819500402901 0.5634729344729345 0.011893634165995166 0.007410256410256411
3 0.06152699435938759 0.5635982905982906 0.049359387590652705 0.006601139601139601
1 0.16146253021756649 0.5642792022792023 0.25139000805801776 0.012028490028490027
3 0.08457695406929895 0.07535897435897436 0.09549959709911361 0.007301994301994302
2 0.27668412570507656 0.0759116809116809 0.012493956486704271 0.006156695156695156
1 0.15854552780016115 0.07621652421652421 0.24980257856567284 0.012022792022792024
3 0.08359790491539082 0.08781766381766382 0.09460112812248188 0.008193732193732194
2 0.2763134568896051 0.08814814814814814 0.010692989524576953 0.007353276353276353
1 0.15914585012087026 0.08876353276353277 0.24887590652699437 0.010834757834757834
3 0.08475423045930702 0.10038176638176638 0.09584609186140208 0.008544159544159543
2 0.2769097502014504 0.10050997150997151 0.010821917808219178 0.006549857549857549
1 0.16060838033843675 0.10058404558404559 0.2507413376309428 0.01045014245014245
3 0.07860999194198227 0.11282051282051282 0.08462933118452862 0.007142450142450143
2 0.27668009669621274 0.11295156695156694 0.010362610797743754 0.0066495726495726494
1 0.16026994359387592 0.1132962962962963 0.24794520547945204 0.011094017094017094
3 0.045386784850926676 0.12542735042735043 0.017115229653505235 0.006826210826210826
2 0.27703062046736504 0.1258034188034188 0.012123287671232877 0.006826210826210826
1 0.15963336019339242 0.12587464387464387 0.25091861402095084 0.012222222222222221
2 0.27616841257050767 0.15598860398860398 0.012526188557614826 0.007128205128205128
3 0.10008863819500402 0.15615954415954417 0.12651893634165995 0.007467236467236468
1 0.16028605962933118 0.1575840455840456 0.2479774375503626 0.013321937321937321
2 0.2770104754230459 0.1687891737891738 0.012091055600322321 0.00645014245014245
3 0.10658742949234488 0.16896866096866098 0.13739323126510877 0.006806267806267806
1 0.16039887187751814 0.1695242165242165 0.25032232070910554 0.01092022792022792
1 0.16152296535052377 0.18073504273504273 0.25151490733279613 0.013823361823361824
2 0.2768452860596293 0.18132763532763535 0.011752618855761484 0.007495726495726496
3 0.10105157131345689 0.18166666666666667 0.12844883158742948 0.0074245014245014245
2 0.2766156325543916 0.19362393162393163 0.011297340854149879 0.007316239316239316
3 0.07367848509266721 0.19363247863247862 0.07475825946817083 0.006575498575498575
1 0.1615269943593876 0.1945099715099715 0.2504552780016116 0.011458689458689459
3 0.09910153102336824 0.20605982905982906 0.12241740531829169 0.0074045584045584045
1 0.16064464141821114 0.20653561253561256 0.25081385979049153 0.013612535612535613
2 0.27653505237711523 0.20672079772079774 0.013255439161966157 0.005726495726495727
3 0.07530217566478646 0.21869515669515668 0.07482272360999194 0.006398860398860399
2 0.2767929089443997 0.2187891737891738 0.011651893634165996 0.006584045584045584
1 0.16051168412570507 0.21933048433048433 0.2505519742143433 0.01217094017094017
3 0.06891619661563256 0.23164387464387465 0.06311039484286865 0.006763532763532763
1 0.15984286865431105 0.23174643874643874 0.24921031426269136 0.012227920227920228
2 0.2740048348106366 0.23174928774928777 0.01669218372280419 0.008478632478632479
3 0.07085414987912975 0.2616752136752137 0.06699033037872684 0.00750997150997151
2 0.27672038678485095 0.2617407407407408 0.012562449637389202 0.0068860398860398865
1 0.16044319097502016 0.26252421652421654 0.2504190169218372 0.01070940170940171
2 0.27668412570507656 0.2742279202279202 0.012493956486704271 0.007834757834757835
1 0.16107977437550364 0.27441310541310543 0.25168412570507653 0.014210826210826212
3 0.04597502014504432 0.27473789173789176 0.01935535858178888 0.007353276353276353