2 0.14918211120064465 0.03385470085470085 0.015612409347300564 0.0038490028490028487
3 0.03325543916196616 0.03393447293447294 0.04458904109589041 0.0033447293447293447
1 0.09153102336825142 0.03485754985754986 0.16269943593875907 0.007148148148148148
0 0.04561240934730056 0.036965811965811966 0.06958098307816277 0.002797720797720798
2 0.1488195004029009 0.04221082621082621 0.015499597099113617 0.005028490028490028
3 0.023783239323126513 0.04222222222222222 0.025926672038678482 0.003492877492877493
1 0.09101933924254633 0.04487179487179487 0.16106768734891216 0.01121082621082621
0 0.054492344883158746 0.04693732193732194 0.08734488315874295 0.006105413105413105
2 0.14906526994359387 0.05334472934472935 0.01659548751007252 0.004424501424501424
3 0.02857775987107172 0.05370085470085471 0.03495165189363417 0.0033988603988603988
1 0.09090652699435939 0.055301994301994305 0.16267123287671234 0.009635327635327635
0 0.03745366639806608 0.05664672364672365 0.05270346494762289 0.0030797720797720797
3 0.02500805801772764 0.06205982905982906 0.02809427880741338 0.0028860398860398864
2 0.14864222401289284 0.062162393162393165 0.016974214343271555 0.004803418803418803
1 0.09129734085414988 0.06398860398860398 0.1610153102336825 0.008452991452991453
0 0.05629734085414988 0.065 0.09067284448025786 0.0031538461538461538
2 0.048674456083803386 0.006857549857549858 0.015966962127316683 0.0037920227920227923
2 0.1416881547139404 0.006891737891737892 0.015273972602739725 0.003860398860398861
3 0.026672038678485093 0.07065527065527065 0.030568090249798553 0.0030455840455840453
3 0.02489927477840451 0.007290598290598291 0.027872683319903307 0.003763532763532764
2 0.1486341659951652 0.07342450142450144 0.015124899274778404 0.004455840455840456
1 0.09063255439161966 0.07387464387464387 0.16029411764705884 0.011831908831908832
3 0.11933521353746979 0.007410256410256411 0.024045124899274777 0.003396011396011396
0 0.05763094278807413 0.0751880341880342 0.09305398871877518 0.005900284900284901
3 0.0280781627719581 0.08172649572649573 0.03423045930701047 0.003148148148148148
2 0.14907332796132153 0.08442165242165242 0.017224012892828364 0.004441595441595441
1 0.09112409347300564 0.08444729344729346 0.16188960515713136 0.01097150997150997
1 0.13837630942788073 0.008689458689458689 0.06417002417405318 0.007452991452991453
0 0.05774778404512491 0.08618233618233619 0.09414182111200645 0.0054444444444444445
1 0.049923448831587426 0.008863247863247863 0.08009669621273167 0.009527065527065526
2 0.1487147461724416 0.09304558404558404 0.01589846897663175 0.00443019943019943
3 0.02452860596293312 0.09311396011396011 0.026567284448025783 0.0034757834757834756
1 0.09084206285253828 0.09598290598290597 0.16192989524576956 0.01116809116809117
0 0.05671635777598711 0.09774928774928776 0.09178887993553586 0.005937321937321938
0 0.0492344883158743 0.01049002849002849 0.07647864625302175 0.0026666666666666666
3 0.030672844480257856 0.10436467236467237 0.03942385173247381 0.0033361823361823363
2 0.1483642224012893 0.10455270655270656 0.015197421434327155 0.0037122507122507122
0 0.13795729250604352 0.01060968660968661 0.06129331184528606 0.002985754985754986
1 0.09100725221595488 0.10706837606837608 0.16287671232876713 0.010903133903133903
0 0.06124899274778405 0.10878062678062678 0.10085414987912973 0.005150997150997151
3 0.023670427074939566 0.025219373219373217 0.025983078162771955 0.0033475783475783475
2 0.14898468976631749 0.02523361823361823 0.015825946817083 0.004726495726495726
1 0.09108783239323127 0.026484330484330482 0.1617324738114424 0.008407407407407409
0 0.050205479452054794 0.028435897435897438 0.07904915390813859 0.002968660968660969