1 0.23269943593875905 0.028655270655270654 0.08180902497985496 0.008131054131054131
3 0.21829572925060434 0.029113960113960113 0.05119661563255439 0.004575498575498575
2 0.08132957292506043 0.02931908831908832 0.010749395648670427 0.0037122507122507122
3 0.030870265914585013 0.029857549857549858 0.05209105560032232 0.004467236467236467
1 0.0464262691377921 0.02990883190883191 0.08321112006446414 0.005686609686609687
2 0.26724415793714745 0.035555555555555556 0.011800966962127317 0.004367521367521368
3 0.20387993553585818 0.03603133903133903 0.023263497179693796 0.00403988603988604
2 0.08116035455278002 0.03621082621082621 0.011764705882352941 0.0037606837606837607
1 0.04626913779210314 0.03643589743589744 0.08348912167606769 0.006589743589743589
1 0.23291700241740532 0.036535612535612536 0.08043916196615633 0.007925925925925927
3 0.016784850926672038 0.03698860398860399 0.023920225624496375 0.0043561253561253555
2 0.26703464947622885 0.042507122507122505 0.010930701047542304 0.0035811965811965813
3 0.21246172441579372 0.04346153846153847 0.04088235294117647 0.004210826210826211
2 0.0814867042707494 0.04370655270655271 0.011514907332796132 0.0037464387464387467
1 0.23213134568896052 0.04374643874643875 0.082477840451249 0.007017094017094017
3 0.025346494762288476 0.04384330484330484 0.04104351329572925 0.004339031339031339
1 0.04621676067687348 0.04411965811965812 0.0833682514101531 0.005102564102564103
2 0.26717566478646254 0.0497948717948718 0.011212731668009669 0.003786324786324786
3 0.2148186946011281 0.05047008547008547 0.0446897663174859 0.0038547008547008543
2 0.08145447219983884 0.05066381766381767 0.011897663174858986 0.004247863247863248
1 0.23243352135374698 0.050951566951566954 0.08173247381144239 0.006735042735042735
3 0.027280419016921836 0.050957264957264964 0.04490733279613215 0.004831908831908832
3 0.12131345688960517 0.051102564102564106 0.04420225624496374 0.0038461538461538464
1 0.046390008058017726 0.05117094017094018 0.08354149879129734 0.006535612535612536
2 0.1755157131345689 0.05133618233618233 0.011700241740531829 0.004629629629629629
1 0.14077759871071718 0.055330484330484334 0.0849355358581789 0.013897435897435898
1 0.23248186946011282 0.057199430199430204 0.08182514101531023 0.006461538461538461
2 0.26690572119258665 0.05733048433048433 0.011120064464141821 0.004165242165242165
3 0.21805801772763903 0.05737037037037037 0.05161966156325544 0.003928774928774929
0 0.13716357775987106 0.05778347578347578 0.07228444802578565 0.007626780626780627
3 0.03071716357775987 0.058145299145299145 0.052236099919419826 0.004515669515669516
1 0.046490733279613214 0.05835327635327635 0.08334004834810636 0.005581196581196581
2 0.08157937147461725 0.058424501424501424 0.011099919419822723 0.004205128205128205
2 0.17528203062046738 0.06589743589743591 0.011232876712328766 0.004056980056980057
3 0.11738114423851731 0.06602564102564103 0.03768734891216761 0.004313390313390314
1 0.14002417405318293 0.0697008547008547 0.08477840451248993 0.014213675213675213
0 0.13767526188557613 0.07232478632478632 0.07285656728444803 0.0066894586894586895
2 0.17536663980660758 0.08056410256410255 0.011402095084609187 0.00433048433048433
3 0.12400080580177275 0.08106267806267806 0.050930701047542305 0.004686609686609686
1 0.14048751007252216 0.08428205128205128 0.08525785656728445 0.014957264957264958
0 0.13744560838033842 0.08743874643874644 0.07240128928283641 0.007538461538461539
3 0.21796535052377117 0.09301424501424502 0.050983078162771964 0.003997150997150997
2 0.26812248186946014 0.09327635327635327 0.011744560838033843 0.004202279202279203
3 0.030612409347300567 0.09353846153846154 0.05157534246575342 0.0037692307692307695
2 0.08105560032232072 0.09372934472934473 0.011107977437550362 0.003834757834757835
1 0.2334528605962933 0.09388319088319087 0.08421837228041902 0.006692307692307692
1 0.04595890410958904 0.09398005698005699 0.08256647864625302 0.005752136752136753
2 0.1752860596293312 0.09564957264957265 0.010785656728444802 0.0047977207977207975
3 0.12436744560838034 0.09593732193732193 0.049858984689766316 0.0040997150997151
1 0.14047139403706688 0.09965811965811966 0.08432312651087832 0.01472934472934473
3 0.2179371474617244 0.09990883190883192 0.051829170024174046 0.003735042735042735
2 0.26841257050765516 0.10034472934472934 0.010975020145044319 0.003968660968660969
3 0.030688960515713137 0.10064957264957264 0.05127316680096696 0.00394017094017094
1 0.23346091861402096 0.10072934472934474 0.08333199033037873 0.006971509971509971
2 0.08147864625302176 0.10097720797720798 0.011950040290088637 0.003957264957264958
1 0.046494762288477036 0.10123646723646723 0.08392828364222402 0.005760683760683761
0 0.13713537469782433 0.10227920227920229 0.07132957292506044 0.007202279202279203
3 0.21779613215149074 0.10737321937321938 0.051095890410958904 0.004296296296296296
1 0.23339645447219984 0.1074159544159544 0.08456083803384368 0.0069344729344729345
2 0.268549556809025 0.1074159544159544 0.010793714746172441 0.004378917378917379
2 0.08084206285253828 0.10772934472934473 0.011579371474617243 0.0037293447293447295
3 0.030584206285253827 0.10784615384615386 0.05197018533440774 0.0046011396011396005
1 0.04643029814665592 0.10817948717948718 0.08346091861402095 0.006088319088319088
2 0.17514907332796134 0.11007122507122508 0.010962933118452861 0.0045811965811965805
3 0.11974214343271555 0.1100997150997151 0.041059629331184525 0.004316239316239316
1 0.14027397260273974 0.11423931623931624 0.08302175664786463 0.013555555555555555
3 0.21789685737308623 0.11431054131054132 0.051752618855761476 0.004116809116809117
2 0.26840451248992747 0.11451282051282051 0.010958904109589041 0.0038831908831908836
3 0.030398871877518132 0.1146039886039886 0.051599516518936336 0.004387464387464388
1 0.2334730056406124 0.11469230769230769 0.08516116035455278 0.0074358974358974365
2 0.08128928283642224 0.11522507122507122 0.012026591458501209 0.004028490028490029
1 0.046651893634166 0.1152934472934473 0.08394842868654312 0.006299145299145299
0 0.13673247381144238 0.11628205128205128 0.07278001611603545 0.0070997150997151
3 0.2180378726833199 0.12147578347578347 0.05157937147461725 0.003757834757834758
2 0.2684246575342466 0.12152421652421652 0.011450443190975022 0.004173789173789174
3 0.030314262691377918 0.1217920227920228 0.051885576148267526 0.004071225071225071
2 0.08114423851732475 0.12192877492877494 0.011736502820306204 0.004025641025641026
1 0.0462610797743755 0.12201424501424502 0.08448428686543111 0.005541310541310541
1 0.23340048348106365 0.12208547008547008 0.08366639806607575 0.007515669515669516
2 0.26707896857373087 0.020672364672364673 0.011921837228041902 0.004296296296296296
1 0.23262691377921033 0.020886039886039886 0.08211522965350523 0.007282051282051282
3 0.217767929089444 0.021763532763532763 0.05284448025785657 0.003925925925925926
2 0.08135374697824335 0.022276353276353276 0.011244963738920226 0.0036723646723646726
1 0.0460757453666398 0.022603988603988604 0.08338436744560838 0.006190883190883191
3 0.031079774375503626 0.022612535612535616 0.05250604351329573 0.004028490028490029
2 0.2671232876712329 0.02829059829059829 0.011555197421434326 0.00452991452991453