2 0.18982272360999194 0.30353561253561256 0.017828364222401288 0.014327635327635327
3 0.11765511684125704 0.303980056980057 0.08476228847703465 0.014472934472934473
3 0.6246937953263497 0.31425356125356124 0.2199153908138598 0.01800854700854701
2 0.7649597099113619 0.3153846153846154 0.019468170829975828 0.01564102564102564
1 0.24700241740531828 0.31622792022792023 0.3413779210314262 0.041783475783475785
0 0.24475423045930703 0.3241994301994302 0.33896051571313457 0.02589173789173789
1 0.7149919419822723 0.3264415954415954 0.39940773569701854 0.0392022792022792
0 0.7144923448831587 0.33425071225071223 0.3980983078162772 0.02297150997150997
3 0.24178082191780823 0.3576353276353276 0.33160354552780014 0.016698005698005697
2 0.43676873489121676 0.3578518518518518 0.013464947622884771 0.015378917378917377
2 0.6079854955680902 0.368051282051282 0.017945205479452053 0.016287749287749287
3 0.5491015310233682 0.36848148148148147 0.06589846897663175 0.016370370370370372
1 0.26046736502820306 0.3708176638176638 0.36994359387590653 0.04692877492877493
0 0.24982272360999191 0.37887179487179484 0.34909750201450446 0.026142450142450143
1 0.7044319097502015 0.37896581196581197 0.3772683319903304 0.03811680911680911
0 0.7058460918614021 0.3868319088319088 0.37938356164383563 0.02304843304843305
3 0.1076027397260274 0.41288319088319086 0.06465753424657533 0.017105413105413105
2 0.16887590652699436 0.41343304843304846 0.017800161160354554 0.01464102564102564
3 0.5816156325543916 0.4220598290598291 0.129508460918614 0.015441595441595443
2 0.6754431909750201 0.42224786324786323 0.018086220789685737 0.014216524216524216
1 0.22486704270749397 0.4251623931623931 0.30201450443190975 0.04002564102564103
0 0.22633763094278805 0.43280626780626785 0.30354552780016114 0.02292022792022792
1 0.7119701853344077 0.43449857549857546 0.39438356164383565 0.04016239316239316
0 0.7129774375503626 0.441960113960114 0.392232070910556 0.023216524216524214
3 0.13159951651893634 0.5307806267806268 0.11265108783239323 0.014706552706552706
2 0.21487912973408543 0.5313960113960114 0.016893634165995167 0.01643019943019943
2 0.6234689766317486 0.5315384615384615 0.015225624496373892 0.015484330484330485
3 0.5550564061240935 0.5318632478632478 0.07922240128928283 0.014866096866096867
1 0.6890451248992748 0.5378831908831909 0.3454713940370669 0.030339031339031337
1 0.25575745366639807 0.5421481481481482 0.35798952457695404 0.038866096866096864
0 0.6884125705076551 0.5451965811965812 0.3487630942788074 0.013512820512820514
0 0.25488315874294926 0.549923076923077 0.35921837228041903 0.022965811965811964
3 0.5501651893634166 0.572925925925926 0.06943996776792909 0.016925925925925924
2 0.6125463336019339 0.5742250712250713 0.018904109589041096 0.014219373219373218
3 0.14701047542304593 0.5828632478632478 0.14630942788074133 0.016783475783475783
2 0.2499194198227236 0.5832250712250712 0.019589041095890408 0.01633333333333333
1 0.6574697824335213 0.5860256410256409 0.2843593875906527 0.03781766381766382
0 0.6563134568896052 0.5927293447293447 0.28031829170024175 0.022504273504273503
1 0.20653908138597904 0.594 0.263638195004029 0.040051282051282056
0 0.20705479452054792 0.6034017094017095 0.26356567284448024 0.024834757834757835
3 0.5545809830781628 0.6286125356125356 0.07685737308622079 0.016207977207977207
2 0.622522159548751 0.6292706552706552 0.018436744560838034 0.015290598290598291
3 0.1067163577759871 0.6362706552706553 0.0642989524576954 0.016512820512820513
2 0.16612006446414182 0.6367578347578348 0.019435938759065272 0.0150997150997151
1 0.6820789685737308 0.6395014245014246 0.3305197421434327 0.03936467236467236
0 0.6817526188557614 0.6482136752136752 0.3354431909750202 0.022381766381766383
1 0.26521756647864625 0.6493760683760683 0.3779290894439968 0.041059829059829064
0 0.26509266720386787 0.6562792022792022 0.3810515713134569 0.025504273504273502
3 0.5536502820306205 0.6783390313390313 0.07782836422240129 0.015578347578347577
2 0.6212610797743755 0.6787179487179488 0.019995970991136182 0.015273504273504273
1 0.6996655922643029 0.6853304843304844 0.36875503626107975 0.02921937321937322
2 0.2622643029814666 0.6873589743589744 0.014669621273166799 0.014504273504273503
3 0.15476228847703466 0.6878717948717948 0.15898066075745365 0.01562962962962963
0 0.7016116035455279 0.6926951566951567 0.3723327961321515 0.014267806267806268
1 0.24123690572119258 0.6988575498575498 0.3340531829170024 0.040387464387464385
0 0.24075745366639803 0.7083219373219374 0.33238114423851733 0.024504273504273505
2 0.5958863819500403 0.7207635327635328 0.017232070910556004 0.016336182336182337
3 0.5474254633360194 0.721079772079772 0.06254633360193393 0.015991452991452992
1 0.7089484286865431 0.7268148148148148 0.3842586623690572 0.02771794871794872
0 0.7092385173247381 0.7363447293447294 0.3861724415793715 0.013492877492877493
3 0.5729814665592264 0.7633589743589744 0.11365834004834811 0.015478632478632478
2 0.6571313456889605 0.7638062678062678 0.016176470588235292 0.01505982905982906
1 0.6738356164383562 0.7693618233618233 0.3135656728444802 0.027806267806267805
0 0.6732312651087833 0.7778062678062678 0.3141539081385979 0.013347578347578349
3 0.5713336019339242 0.8053817663817664 0.1117767929089444 0.015452991452991454
2 0.6528847703464947 0.8065014245014246 0.01993956486704271 0.014538461538461538
1 0.706809024979855 0.8180427350427351 0.3830378726833199 0.039059829059829056
0 0.7062489927477841 0.8249800569800569 0.3830217566478646 0.021623931623931624
3 0.5557211925866237 0.8542564102564103 0.08196615632554391 0.017125356125356126
2 0.6273126510878324 0.8552393162393161 0.018823529411764704 0.014544159544159543
1 0.6788960515713135 0.8611538461538462 0.32312651087832395 0.028535612535612535
0 0.678928283642224 0.8682450142450142 0.32838436744560834 0.01407977207977208
2 0.638460918614021 0.8924273504273504 0.018662369057211924 0.01527920227920228
3 0.5645729250604351 0.8927321937321937 0.09683722804190169 0.01801139601139601
1 0.710958904109589 0.9008034188034189 0.39236502820306207 0.0313048433048433
0 0.710423045930701 0.9082079772079772 0.3871273166800967 0.01494017094017094
3 0.13807816277195809 0.2044757834757835 0.12561240934730056 0.01662962962962963
2 0.2282836422240129 0.2050911680911681 0.014097502014504432 0.01598005698005698
3 0.5968452860596293 0.20539316239316238 0.15997179693795327 0.015464387464387466
2 0.7047381144238518 0.20573504273504273 0.017461724415793717 0.015823361823361824
1 0.7117123287671233 0.21751282051282053 0.396248992747784 0.04316809116809117
1 0.26599516518936345 0.21813105413105413 0.38263094278807414 0.04325071225071225
0 0.26455680902497986 0.22554415954415954 0.3771474617244158 0.02473789173789174
0 0.7119782433521354 0.22670085470085471 0.3902377115229654 0.025048433048433048
3 0.11747784045124898 0.26033618233618233 0.08440773569701854 0.016262108262108263
3 0.5505560032232071 0.26087179487179485 0.07304995970991136 0.014327635327635327
2 0.6129935535858179 0.2612962962962963 0.01775584206285254 0.014316239316239316
2 0.18770346494762288 0.2613931623931624 0.010531829170024175 0.015233618233618233
1 0.20970185334407737 0.26730484330484333 0.26841659951651897 0.03178632478632479
1 0.7153545527800161 0.2737521367521368 0.39706688154713937 0.03923076923076923
0 0.20771555197421432 0.27695441595441594 0.2648871877518131 0.015467236467236467
0 0.715334407735697 0.2809116809116809 0.3997784045124899 0.027387464387464387