1 0.1885092667203868 0.28632763532763533 0.18426269137792103 0.014512820512820513
0 0.1849597099113618 0.2905327635327635 0.17468170829975826 0.004905982905982906
2 0.2407896857373086 0.2995555555555556 0.021470588235294116 0.004923076923076923
1 0.18941176470588236 0.30005128205128206 0.1465269943593876 0.00766951566951567
3 0.17289685737308622 0.3001680911680911 0.11124496373892023 0.005900284900284901
3 0.17624093473005642 0.30923076923076925 0.08393634165995166 0.004991452991452991
2 0.23066881547139403 0.30935897435897436 0.02034649476228848 0.005250712250712251
1 0.18945205479452057 0.31394301994302 0.17720386784850928 0.015937321937321936
0 0.1849395648670427 0.3174757834757835 0.16684931506849315 0.00496011396011396
3 0.17513698630136987 0.09236752136752137 0.0590692989524577 0.005202279202279203
2 0.2171273166800967 0.0924045584045584 0.021941982272361 0.0055242165242165246
1 0.18898066075745368 0.09696296296296296 0.17625302175664787 0.01455840455840456
0 0.168013698630137 0.10056980056980057 0.13087429492344882 0.005333333333333333
2 0.21955278001611603 0.10977207977207977 0.009802578565672843 0.005957264957264958
3 0.1820870265914585 0.10995726495726496 0.06199435938759065 0.006079772079772079
1 0.18829572925060437 0.11354415954415956 0.14910153102336826 0.01449002849002849
0 0.17225221595487508 0.11749287749287748 0.1149153908138598 0.00411965811965812
2 0.21296132151490735 0.12694017094017093 0.02025382755842063 0.006173789173789174
3 0.17674456083803386 0.12694871794871795 0.048477034649476225 0.005256410256410256
1 0.18836019339242546 0.1313846153846154 0.0735535858178888 0.016404558404558404
0 0.182522159548751 0.13519373219373218 0.05400886381950041 0.004720797720797721
2 0.22763497179693795 0.169008547008547 0.009673650282030622 0.006242165242165242
3 0.18228041901692185 0.16923076923076924 0.07866639806607574 0.006438746438746439
1 0.18964141821112007 0.17244159544159543 0.13653908138597903 0.01622222222222222
0 0.180245769540693 0.17717948717948717 0.11709508460918613 0.005558404558404559
2 0.21211522965350524 0.18628205128205128 0.009448025785656728 0.004985754985754986
3 0.18222401289282836 0.1864871794871795 0.047743755036261076 0.005894586894586895
1 0.1889685737308622 0.1900883190883191 0.15757856567284448 0.01405982905982906
0 0.1724012892828364 0.19436182336182337 0.12335213537469783 0.00541025641025641
2 0.22354149879129737 0.20401139601139603 0.009991941982272361 0.005387464387464388
3 0.1824174053182917 0.20413105413105412 0.07079774375503627 0.006131054131054131
1 0.18941176470588236 0.20877492877492876 0.17861402095084608 0.01608831908831909
0 0.16982675261885577 0.2123931623931624 0.13945205479452055 0.005122507122507123
2 0.2170668815471394 0.2213019943019943 0.009081385979049153 0.005413105413105413
3 0.181941982272361 0.2216866096866097 0.057453666398066074 0.005683760683760684
1 0.18941982272361 0.22638746438746438 0.17116438356164382 0.016495726495726497
0 0.18199033037872683 0.23016524216524217 0.15598710717163577 0.005866096866096866
2 0.22048751007252215 0.2384957264957265 0.009701853344077357 0.004245014245014245
3 0.1824133763094279 0.23903418803418802 0.06265108783239323 0.0055726495726495726
1 0.19030620467365028 0.24378062678062676 0.14533440773569703 0.015937321937321936
0 0.1849637389202256 0.2470683760683761 0.13219580983078164 0.005364672364672364
2 0.21319903303787266 0.28217094017094013 0.021172441579371475 0.005207977207977208
3 0.1760918614020951 0.28262678062678065 0.04929492344883159 0.005871794871794872