2 0.27569298952457694 0.14843304843304844 0.0095245769540693 0.004116809116809117
3 0.19478646253021756 0.14862962962962964 0.07800564061240935 0.00450997150997151
2 0.12813859790491539 0.14865811965811965 0.00967767929089444 0.003931623931623932
1 0.21784045124899273 0.14868945868945868 0.12802578565672845 0.005962962962962963
3 0.030757453666398066 0.14903988603988605 0.02864222401289283 0.0037464387464387467
1 0.07485898468976632 0.1491111111111111 0.11844480257856568 0.006037037037037038
2 0.27600725221595485 0.1543162393162393 0.009701853344077357 0.003524216524216524
3 0.18895245769540694 0.15434188034188034 0.06813456889605157 0.0038917378917378916
2 0.12802981466559227 0.15437321937321938 0.010358581788879936 0.004273504273504274
3 0.033102336825141014 0.15454700854700856 0.032884770346494764 0.00366951566951567
1 0.2190934730056406 0.15465242165242166 0.12890410958904108 0.005165242165242165
1 0.0755600322320709 0.15493732193732196 0.11985092667203869 0.004965811965811966
3 0.1878726833199033 0.15965811965811966 0.06463336019339241 0.0037521367521367523
1 0.21843674456083803 0.15971794871794873 0.12753424657534249 0.0047492877492877495
3 0.0400201450443191 0.15982336182336182 0.04806204673650282 0.0037692307692307695
2 0.27608380338436744 0.15983760683760684 0.009854955680902498 0.003797720797720798
2 0.12809024979854958 0.1598917378917379 0.009585012087026591 0.0039031339031339028
1 0.07527800161160354 0.1599002849002849 0.11873892022562449 0.004868945868945869
2 0.27572925060435133 0.1645897435897436 0.009145850120870266 0.003794871794871795
3 0.17302981466559225 0.16501709401709402 0.034947622884770345 0.00401994301994302
1 0.2186341659951652 0.16502279202279202 0.12852135374697823 0.005475783475783476
3 0.04183319903303787 0.16524501424501425 0.050346494762288474 0.004472934472934472
2 0.12766720386784852 0.16535612535612534 0.010527800161160355 0.0040626780626780625
1 0.07557211925866236 0.16536467236467234 0.12150684931506849 0.005390313390313391
2 0.12898066075745365 0.1882279202279202 0.009125705076551168 0.0038660968660968664
1 0.07537066881547139 0.18885185185185185 0.12001208702659145 0.004951566951566951
3 0.033887993553585814 0.18896581196581197 0.034456083803384364 0.003757834757834758
2 0.12968976631748588 0.1939031339031339 0.009649476228847704 0.0038062678062678063
3 0.03496776792908945 0.19411396011396012 0.03795729250604351 0.003911680911680912
1 0.0759105560032232 0.19425356125356127 0.12109186140209509 0.005350427350427351
3 0.051023368251410156 0.19929059829059828 0.06962530217566479 0.004125356125356126
2 0.12924657534246575 0.19929629629629628 0.010551974214343273 0.004139601139601139
1 0.07592667203867848 0.1994843304843305 0.12167606768734891 0.005401709401709402
2 0.2745326349717969 0.201980056980057 0.009891216760676873 0.0034871794871794873
1 0.2192546333601934 0.20217378917378917 0.12758662369057214 0.004997150997150997
3 0.19102336825141014 0.2022108262108262 0.07093070104754232 0.003948717948717949
2 0.12935535858178887 0.2047948717948718 0.009879129734085414 0.0037321937321937323
3 0.04746575342465754 0.20494871794871794 0.06250604351329572 0.004353276353276353
1 0.07604351329572925 0.2054273504273504 0.11972602739726028 0.006108262108262108
2 0.2743190975020145 0.20744729344729346 0.00991539081385979 0.003333333333333333
3 0.16622884770346494 0.20772364672364674 0.021788879935535858 0.0038860398860398864
1 0.21972602739726027 0.2078974358974359 0.13070910556003223 0.005270655270655271
2 0.2743392425463336 0.21254700854700853 0.009951651893634166 0.003393162393162393
1 0.21943996776792907 0.21291168091168092 0.12850120870265916 0.005273504273504274
3 0.18325543916196615 0.21335327635327636 0.055394842868654315 0.003740740740740741
2 0.27454472199838836 0.21821937321937324 0.00991539081385979 0.003965811965811966
1 0.21811039484286868 0.21848148148148147 0.12709508460918614 0.005558404558404559
3 0.17129331184528604 0.21864957264957266 0.031921837228041906 0.003877492877492877
2 0.12940773569701852 0.22816524216524217 0.010431103948428687 0.0039002849002849
3 0.03691780821917808 0.22847863247863248 0.04230862207896858 0.004527065527065527
1 0.07573730862207896 0.22856410256410256 0.12020145044319097 0.005356125356125356
2 0.12883158742949233 0.23363817663817665 0.01017324738114424 0.003754985754985755
1 0.07620467365028202 0.23405413105413106 0.12168009669621273 0.004769230769230769
3 0.04340451248992748 0.2341794871794872 0.05483078162771958 0.004205128205128205
1 0.07521353746978243 0.23925925925925925 0.12178887993553585 0.005635327635327636
2 0.12914987912973408 0.23933903133903134 0.010813859790491539 0.004068376068376068
3 0.04627719580983078 0.2396780626780627 0.060128928283642226 0.004113960113960114
2 0.1292586623690572 0.2448005698005698 0.010128928283642225 0.003586894586894587
1 0.07594681708299758 0.24488034188034188 0.12171232876712328 0.005606837606837607
3 0.05181305398871877 0.24533333333333335 0.07209508460918614 0.004649572649572649