1 0.25042707493956484 0.28603988603988606 0.46190169218372285 0.03658689458689458
2 0.16058420628525383 0.2872849002849003 0.276986301369863 0.03231339031339031
1 0.7499435938759065 0.29146153846153844 0.46078565672844485 0.03390598290598291
0 0.6234810636583401 0.3002649572649573 0.2016116035455278 0.016447293447293447
2 0.16186946011281225 0.33086609686609686 0.2772602739726027 0.030726495726495724
1 0.2498186946011281 0.3313988603988604 0.4606889605157132 0.03940455840455841
2 0.6599516518936341 0.3346125356125356 0.27053182917002416 0.01379202279202279
1 0.7538114423851733 0.3351737891737892 0.4608702659145851 0.019908831908831907
2 0.7109629331184528 0.36941310541310546 0.3736986301369863 0.01581196581196581
1 0.7507292506043514 0.36985754985754987 0.45470991136180494 0.020313390313390314
1 0.24796937953263498 0.37267806267806264 0.456986301369863 0.035418803418803414
2 0.17980257856567283 0.373980056980057 0.31312651087832394 0.03145868945868946
1 0.7500846091861402 0.40762678062678065 0.4553263497179693 0.03364957264957265
2 0.6869943593875906 0.4095042735042735 0.3223086220789686 0.03085754985754986
1 0.24799355358581787 0.41550427350427355 0.45894842868654306 0.03723361823361823
2 0.18728444802578564 0.4158376068376068 0.3292385173247381 0.032943019943019944
1 0.24941176470588233 0.4694843304843305 0.45987510072522164 0.05324216524216524
2 0.21209508460918614 0.46996011396011395 0.3800120870265915 0.04917948717948718
1 0.7466800966962127 0.5365441595441596 0.4542586623690572 0.021031339031339028
2 0.6451410153102337 0.5366182336182336 0.24205479452054793 0.013145299145299145
1 0.2516800966962127 0.5536923076923077 0.46250201450443196 0.03774643874643875
2 0.20961321514907333 0.554042735042735 0.3715954875100725 0.032524216524216526
2 0.6792747784045126 0.5638233618233618 0.311474617244158 0.013002849002849003
1 0.7494520547945206 0.5655156695156696 0.4559750201450443 0.01947863247863248
2 0.6515189363416599 0.590079772079772 0.25481466559226434 0.013404558404558405
1 0.7509750201450444 0.5908461538461538 0.4571112006446414 0.01875213675213675
1 0.250781627719581 0.6141851851851852 0.4626148267526189 0.055962962962962964
2 0.1922159548751007 0.6144558404558403 0.3425584206285254 0.052384615384615384
2 0.6879854955680902 0.6253076923076923 0.3277477840451249 0.035008547008547004
1 0.7546293311845286 0.6303105413105413 0.4644238517324738 0.05035042735042735
0 0.7554391619661563 0.6470170940170941 0.46302175664786466 0.014022792022792023
2 0.11451651893634167 0.6971538461538462 0.1860112812248187 0.011792022792022792
1 0.24872683319903305 0.6978176638176639 0.4565914585012087 0.021737891737891736
1 0.7500120870265915 0.704045584045584 0.46091861402095086 0.022028490028490028
2 0.6431345688960516 0.7041595441595442 0.23804593070104757 0.014407407407407407
2 0.9491337630942788 0.7044045584045584 0.050946817082997586 0.01407977207977208
1 0.2498952457695407 0.7189088319088319 0.46083803384367444 0.020652421652421652
2 0.10034246575342466 0.7193076923076923 0.15650684931506847 0.012945868945868945
2 0.9487510072522161 0.7267065527065526 0.05248589846897664 0.014715099715099714
1 0.7513053988718775 0.7268660968660969 0.463505237711523 0.020222222222222225
2 0.6463255439161967 0.726965811965812 0.24672844480257855 0.014421652421652421
1 0.25001611603545526 0.74091452991453 0.45971796937953263 0.022299145299145298
2 0.13557211925866236 0.7424188034188034 0.22696615632554393 0.014387464387464388
1 0.7499033037872683 0.7501737891737892 0.45497179693795325 0.02232763532763533
2 0.6506889605157131 0.7505042735042735 0.2543029814665592 0.014273504273504274
2 0.9481869460112813 0.7518746438746439 0.051353746978243346 0.013754985754985755
2 0.151116035455278 0.764076923076923 0.25690572119258664 0.013735042735042736
1 0.2501450443190975 0.7646239316239316 0.4594278807413376 0.022834757834757836
2 0.6216921837228042 0.7728860398860399 0.19515713134568896 0.014259259259259258
2 0.9481426269137792 0.7737891737891738 0.05127316680096696 0.013618233618233617
1 0.7487228041901692 0.7746296296296296 0.4564343271555197 0.025267806267806267
2 0.10704270749395649 0.7861965811965812 0.17105962933118452 0.013193732193732195
1 0.2497904915390814 0.7879344729344729 0.4625463336019339 0.02212820512820513
2 0.6321837228041901 0.7978575498575499 0.21729653505237714 0.012088319088319088
1 0.7491982272361 0.798022792022792 0.4592908944399678 0.023367521367521366
2 0.9476712328767123 0.7980826210826211 0.0503303787268332 0.014985754985754987
2 0.15582997582594682 0.8072849002849003 0.26633360193392425 0.011401709401709403
1 0.24960112812248186 0.809022792022792 0.46216357775987105 0.019678062678062675
1 0.7501410153102337 0.8223504273504273 0.45543916196615636 0.023341880341880342
2 0.582812248186946 0.8226923076923077 0.11970185334407736 0.017792022792022792
2 0.9492224012892827 0.82294301994302 0.051124093473005644 0.015037037037037038
1 0.24939161966156326 0.8300655270655272 0.4636583400483481 0.018490028490028492
2 0.06879935535858178 0.8302564102564102 0.09342465753424657 0.012566951566951567
2 0.6180378726833199 0.09353276353276353 0.1924576954069299 0.014452991452991452
2 0.14922240128928282 0.09402564102564102 0.257723609991942 0.013809116809116808
1 0.7488114423851733 0.09504273504273505 0.46234488315874295 0.02646153846153846
1 0.2486784850926672 0.09612820512820514 0.46031829170024174 0.02457834757834758
2 0.6411281224818695 0.12225925925925926 0.23979049153908139 0.013284900284900286
1 0.7484931506849315 0.12316239316239316 0.4617082997582595 0.02185185185185185
2 0.1764464141821112 0.12637606837606838 0.3121676067687349 0.03454415954415954
1 0.24716357775987108 0.13074074074074074 0.461116035455278 0.04647008547008547
2 0.6711039484286866 0.14815669515669516 0.297433521353747 0.013786324786324786
1 0.749016921837228 0.149019943019943 0.4646696212731668 0.02353276353276353
2 0.16354955680902497 0.17106837606837608 0.2875302175664786 0.032740740740740744
1 0.24848509266720387 0.17112535612535612 0.45993150684931505 0.03528774928774929
2 0.6932352941176471 0.17653276353276354 0.341696212731668 0.013547008547008545
1 0.7457413376309429 0.17752421652421652 0.45429492344883154 0.022393162393162393
2 0.6833400483481064 0.2066039886039886 0.3196091861402095 0.015062678062678062
1 0.7479895245769541 0.2073019943019943 0.4511361804995971 0.023800569800569802
1 0.2454512489927478 0.21103133903133903 0.45769540692989524 0.04072364672364672
2 0.16913779210314264 0.21108262108262107 0.29870668815471396 0.03378917378917379
2 0.6527034649476229 0.2837378917378917 0.25832796132151487 0.013005698005698006