2 0.23083400483481062 0.028541310541310542 0.011281224818694601 0.004487179487179487
3 0.1824576954069299 0.02864957264957265 0.056180499597099115 0.005336182336182336
1 0.1953102336825141 0.028695156695156696 0.08327961321514907 0.0067777777777777775
2 0.1648751007252216 0.2950598290598291 0.01072522159548751 0.004156695156695157
1 0.12970588235294117 0.29515954415954415 0.08375100725221596 0.006065527065527065
3 0.11793714746172443 0.29522507122507124 0.05857775987107171 0.0045042735042735045
3 0.11105157131345689 0.3011025641025641 0.04621676067687348 0.004937321937321937
2 0.16430298146655922 0.3011253561253561 0.010177276390008058 0.00445014245014245
1 0.1291579371474617 0.30121082621082623 0.0832433521353747 0.006433048433048432
1 0.2558380338436745 0.3028062678062678 0.0722522159548751 0.00543019943019943
3 0.23942788074133764 0.30286039886039884 0.03915793714746172 0.00411965811965812
2 0.2845245769540693 0.30287179487179483 0.010447219983883965 0.004105413105413106
2 0.1644439967767929 0.3072193732193732 0.010455278001611603 0.005122507122507123
1 0.25418614020950847 0.30894586894586895 0.07013698630136987 0.005971509971509972
2 0.28275584206285254 0.30905413105413104 0.007743755036261079 0.0037692307692307695
3 0.23530217566478645 0.3094301994301994 0.030910556003223205 0.004264957264957265
3 0.10996776792908944 0.3098917378917379 0.04311039484286865 0.009188034188034188
1 0.12928686543110393 0.30999715099715097 0.08350926672038679 0.010592592592592593
1 0.25533843674456086 0.3151225071225071 0.07422240128928284 0.005752136752136753
2 0.28474617244157935 0.31513960113960116 0.011313456889605156 0.004125356125356126
3 0.2365511684125705 0.31524786324786325 0.0334085414987913 0.004242165242165243
2 0.1650402900886382 0.31868945868945864 0.010813859790491539 0.004433048433048433
1 0.12982272360999195 0.32096866096866095 0.08457695406929895 0.009481481481481481
1 0.2554875100725222 0.3211139601139601 0.07392828364222402 0.005584045584045585
2 0.28443190975020144 0.32117094017094017 0.011514907332796132 0.0043760683760683755
3 0.23750201450443192 0.3213732193732194 0.035314262691377926 0.003834757834757835
3 0.11315874294923449 0.3217207977207977 0.04807413376309427 0.009524216524216525
2 0.2847381144238517 0.326994301994302 0.011712328767123288 0.004205128205128205
1 0.2555962933118453 0.3271766381766382 0.07354955680902499 0.005971509971509972
3 0.24259871071716357 0.3274900284900285 0.045032232070910554 0.005076923076923077
2 0.16458501208702658 0.33014814814814814 0.010326349717969379 0.004606837606837607
1 0.12926672038678483 0.3322564102564103 0.08346494762288477 0.0110997150997151
3 0.11276390008058018 0.3324928774928775 0.04917002417405319 0.009754985754985755
2 0.2847663174858985 0.3333988603988604 0.010934730056406125 0.004316239316239316
3 0.24255439161966155 0.33376923076923076 0.04541901692183723 0.004643874643874644
1 0.25529814665592265 0.3339116809116809 0.07295729250604352 0.006868945868945869
1 0.12912167606768735 0.3416011396011396 0.08554794520547945 0.0071595441595441595
2 0.16482272360999192 0.3416011396011396 0.011635777598710716 0.004475783475783476
3 0.1207050765511684 0.3417749287749288 0.06505237711522965 0.004997150997150997
3 0.17639000805801774 0.03445584045584046 0.045463336019339246 0.004623931623931624
1 0.1955398871877518 0.0345014245014245 0.08435132957292507 0.004977207977207977
2 0.230624496373892 0.034603988603988604 0.010608380338436744 0.003997150997150997
2 0.1293795326349718 0.039880341880341875 0.010906526994359388 0.0047777777777777775
3 0.07380741337630943 0.039997150997150996 0.02024576954069299 0.0050427350427350425
1 0.09935132957292506 0.04006267806267806 0.07305801772763901 0.006148148148148147
3 0.17768331990330377 0.04076353276353277 0.047578565672844485 0.004911680911680911
2 0.22927074939564865 0.04082051282051282 0.0069016921837228035 0.0036353276353276354
1 0.1940531829170024 0.04082905982905983 0.08014907332796133 0.006381766381766381
1 0.09927477840451249 0.04584615384615384 0.07290491539081385 0.006467236467236467
3 0.08082997582594682 0.045968660968660965 0.03523771152296535 0.00433048433048433
2 0.1290733279613215 0.046031339031339026 0.012050765511684125 0.003928774928774929
1 0.19373086220789684 0.046732193732193734 0.08133763094278808 0.0065128205128205125
2 0.22857373086220792 0.046732193732193734 0.007264302981466559 0.004264957264957265
3 0.1687348912167607 0.04686039886039886 0.02967767929089444 0.004447293447293447
3 0.08610797743755036 0.05218803418803419 0.04720789685737309 0.005105413105413106
1 0.09722804190169218 0.052242165242165246 0.07125705076551168 0.006282051282051282
2 0.1276631748589847 0.052327635327635326 0.006434327155519742 0.003911680911680912
2 0.2301410153102337 0.05276068376068376 0.009895245769540692 0.004418803418803419
1 0.1954713940370669 0.052951566951566956 0.08298549556809025 0.005968660968660968
3 0.17028203062046737 0.0532905982905983 0.033247381144238516 0.0049829059829059824
2 0.127187751813054 0.058264957264957264 0.008033843674456084 0.004230769230769231
1 0.09777598710717164 0.058367521367521366 0.07174456083803384 0.005985754985754987
3 0.07085817888799356 0.0586011396011396 0.016232876712328766 0.005273504273504274
2 0.2302739726027397 0.059056980056980055 0.01023771152296535 0.004293447293447294
1 0.19427074939564867 0.05947578347578347 0.08303384367445608 0.0064729344729344725
3 0.16836019339242547 0.0596011396011396 0.028932312651087835 0.005612535612535613
1 0.09861804995970992 0.06421082621082622 0.07178485092667203 0.005655270655270656
2 0.12885173247381143 0.06448148148148149 0.010858178887993553 0.004584045584045584
3 0.07818694601128122 0.06448433048433048 0.03042304593070105 0.004384615384615384
1 0.09924657534246575 0.07043304843304843 0.07468573730862207 0.006324786324786324
3 0.07566478646253022 0.07051851851851852 0.025846091861402097 0.004792022792022792
2 0.12941579371474615 0.07068091168091169 0.011224818694601128 0.0041908831908831915
2 0.12881547139403707 0.07685185185185185 0.010024174053182917 0.0044444444444444444
3 0.08329572925060436 0.07690598290598291 0.039693795326349715 0.004578347578347578
1 0.09889605157131345 0.07711396011396011 0.07337630942788075 0.006276353276353276
3 0.04478243352135375 0.10508547008547009 0.04605560032232071 0.004638176638176638
1 0.056514907332796134 0.10515099715099714 0.06998388396454472 0.004811965811965812
2 0.08530620467365027 0.10517663817663818 0.010922643029814666 0.003914529914529914
3 0.045938759065269945 0.11096866096866097 0.04742143432715552 0.004413105413105413
2 0.08500805801772764 0.11110256410256411 0.010870265914585012 0.0038290598290598287
1 0.05658340048348106 0.11136752136752136 0.0695044319097502 0.005997150997150998
3 0.042171635777598714 0.11761253561253561 0.04083400483481064 0.0047094017094017095
2 0.08517324738114423 0.11761538461538461 0.011478646253021757 0.004339031339031339
1 0.05697421434327155 0.11792307692307694 0.07028203062046737 0.006131054131054131
3 0.21732876712328766 0.12140740740740741 0.0425423045930701 0.0053076923076923075
2 0.2689041095890411 0.12141310541310542 0.01137389202256245 0.004045584045584046
1 0.23449234488315873 0.12160968660968662 0.07965753424657535 0.005712250712250713
3 0.04200241740531829 0.12324216524216523 0.04048751007252216 0.004310541310541311
2 0.08363013698630137 0.12350712250712251 0.007030620467365028 0.003988603988603989
1 0.055044319097502015 0.12358974358974359 0.06703464947622885 0.005780626780626781
2 0.2686663980660758 0.12758119658119657 0.010898468976631749 0.004404558404558404
3 0.21767929089443996 0.12772934472934472 0.04324738114423852 0.00496011396011396
1 0.23560838033843673 0.12773219373219372 0.08066478646253022 0.006279202279202279
1 0.056861402095084605 0.12956980056980058 0.07128928283642223 0.0064928774928774925
3 0.04275987107171635 0.12964387464387464 0.04247784045124899 0.005122507122507123
2 0.08538678485092667 0.12966951566951568 0.011361804995970991 0.004760683760683761
2 0.2687107171635778 0.13364387464387464 0.01056809024979855 0.004128205128205128
1 0.056103948428686545 0.13567236467236465 0.0709911361804996 0.004854700854700854
2 0.0854149879129734 0.13592592592592592 0.010600322320709106 0.003985754985754986
3 0.04022159548751007 0.13622792022792024 0.03645850120870266 0.004629629629629629
3 0.2175987107171636 0.1363247863247863 0.04402497985495568 0.009826210826210827
1 0.23540692989524575 0.13638461538461538 0.07965350523771152 0.010606837606837605
2 0.08489121676067687 0.1415897435897436 0.010096696212731668 0.004139601139601139
3 0.04519742143432716 0.14205413105413106 0.046881547139403706 0.004962962962962963
1 0.05583803384367446 0.14241025641025643 0.07107171635777598 0.007948717948717949
1 0.23459709911361804 0.14441595441595442 0.07987107171635778 0.004606837606837607
2 0.26709911361805 0.14473219373219373 0.00692989524576954 0.0041509971509971514
3 0.21581788879935535 0.14517378917378918 0.03999597099113618 0.004871794871794872
1 0.2353505237711523 0.15096581196581196 0.08076148267526188 0.006458689458689459
2 0.2687026591458501 0.1510997150997151 0.01096696212731668 0.004185185185185185
3 0.22006446414182113 0.15132763532763532 0.04800966962127316 0.005182336182336183
1 0.23458098307816277 0.15686609686609687 0.08045124899274779 0.005712250712250713
3 0.22208702659145851 0.15721937321937324 0.05253424657534246 0.004643874643874644
2 0.2684528605962933 0.15734472934472934 0.010471394037066881 0.004564102564102564
1 0.23431103948428683 0.16307407407407407 0.07869057211925866 0.005581196581196581
2 0.26808622078968575 0.16307692307692306 0.010153102336825141 0.0045128205128205125
3 0.2181587429492345 0.16321367521367522 0.04326349717969379 0.004638176638176638
3 0.08171635777598711 0.19198575498575499 0.03041095890410959 0.004222222222222223
1 0.1052699435938759 0.19208262108262109 0.07939161966156326 0.006498575498575498
2 0.137812248186946 0.1922991452991453 0.011075745366639807 0.004472934472934472
2 0.1374012892828364 0.19824216524216526 0.011506849315068493 0.00454985754985755
1 0.10542707493956488 0.19831623931623932 0.07909750201450443 0.0055527065527065525
3 0.08188557614826752 0.1984102564102564 0.029814665592264304 0.004076923076923077
2 0.13788477034649477 0.20423076923076924 0.012054794520547946 0.004418803418803419
1 0.10519339242546333 0.20451282051282052 0.07801369863013699 0.005398860398860399
3 0.0836583400483481 0.20474358974358975 0.034302981466559225 0.004754985754985755
1 0.10263900080580177 0.2099031339031339 0.07474617244157937 0.006660968660968661
2 0.13568090249798548 0.21037321937321937 0.008485092667203868 0.004589743589743589
3 0.08302981466559227 0.21048433048433046 0.03209911361804996 0.004245014245014245
1 0.10531426269137792 0.21617378917378915 0.07948025785656729 0.005358974358974359
2 0.13774375503626107 0.21626495726495729 0.010938759065269943 0.003971509971509971
3 0.08155519742143433 0.21634188034188034 0.03056406124093473 0.004632478632478633
1 0.10480257856567285 0.22193447293447294 0.07723609991941982 0.006065527065527065
3 0.09041901692183722 0.22231908831908834 0.047820306204673646 0.004598290598290598
2 0.13729250604351328 0.2223988603988604 0.011708299758259468 0.004424501424501424
1 0.20135374697824335 0.2260940170940171 0.08420225624496375 0.005823361823361824
2 0.23676067687348912 0.2264159544159544 0.01057614826752619 0.0038917378917378916
3 0.17901289282836422 0.22665527065527064 0.03799355358581789 0.005270655270655271
1 0.10416196615632553 0.2285982905982906 0.07771152296535053 0.006641025641025641
2 0.13728847703464947 0.22862108262108263 0.010032232070910556 0.004461538461538461
3 0.08614020950846092 0.22874643874643874 0.039734085414987914 0.005458689458689459
1 0.2011764705882353 0.23194586894586894 0.08503626107977437 0.005376068376068376
2 0.23678082191780825 0.23195726495726496 0.011031426269137792 0.004048433048433049
3 0.18529814665592265 0.2323931623931624 0.05102739726027398 0.004421652421652421
1 0.20130942788074133 0.23785185185185184 0.08470588235294119 0.005866096866096866
2 0.23691377921031426 0.23822222222222222 0.011301369863013699 0.004173789173789174
3 0.18869460112812247 0.23833903133903137 0.05782433521353748 0.004658119658119658
1 0.19946011281224818 0.24395441595441594 0.08100725221595488 0.005917378917378918
2 0.2348992747784045 0.2441994301994302 0.007687348912167606 0.00401994301994302
3 0.18824738114423853 0.24491168091168092 0.05645850120870266 0.004809116809116809
1 0.20110394842868654 0.25009401709401713 0.08429089443996778 0.0064643874643874645
2 0.23700644641418211 0.2502735042735043 0.011905721192586625 0.0040541310541310546
3 0.19043916196615635 0.2508205128205128 0.061309427880741334 0.004971509971509971
1 0.20109991941982272 0.2564444444444444 0.08310233682514101 0.006592592592592593
2 0.23677679290894438 0.2567663817663818 0.011023368251410154 0.004341880341880342
3 0.19043916196615635 0.2568774928774929 0.06131345688960516 0.005421652421652422
2 0.23655922643029814 0.26291737891737893 0.011003223207091056 0.0045327635327635325
1 0.20103948428686544 0.2655384615384615 0.08416599516518937 0.010945868945868947
3 0.18629734085414987 0.26564672364672365 0.0520870265914585 0.009638176638176638
3 0.18309024979854957 0.2743247863247863 0.04661563255439162 0.005008547008547008
2 0.23599516518936342 0.2745071225071225 0.009879129734085414 0.004968660968660969
1 0.2007211925866237 0.2747094017094017 0.08411764705882353 0.007074074074074074