2 0.4008098307816277 0.2912165242165242 0.054705882352941174 0.014378917378917378
3 0.14147461724415794 0.29247293447293443 0.16394037066881545 0.011760683760683762
1 0.24515310233682516 0.29939031339031336 0.3752135374697824 0.029649572649572648
3 0.5822844480257857 0.302005698005698 0.16116841257050765 0.011999999999999999
2 0.8536220789685738 0.3032222222222222 0.06988718775181306 0.013578347578347577
0 0.20100322320709105 0.30748717948717946 0.2837630942788074 0.010743589743589743
1 0.6950201450443191 0.31463817663817667 0.3876430298146656 0.04037891737891738
0 0.6214867042707494 0.32610256410256405 0.24117244157937148 0.021253561253561253
3 0.16294117647058823 0.33486324786324784 0.21050765511684127 0.011846153846153847
2 0.40020145044319094 0.33572649572649577 0.05590249798549557 0.012712250712250711
1 0.2445245769540693 0.34693732193732196 0.37116035455278 0.04075213675213675
3 0.6037348912167607 0.3545982905982906 0.20043916196615633 0.010247863247863247
2 0.8543150684931506 0.3564444444444444 0.06764302981466559 0.014800569800569801
0 0.18095890410958904 0.35655555555555557 0.24367445608380336 0.02050712250712251
1 0.6964826752618856 0.3631823361823362 0.38777598710717165 0.03174358974358974
0 0.6586422240128929 0.3701139601139601 0.3125785656728445 0.011655270655270654
2 0.39960112812248183 0.38578062678062675 0.05712328767123288 0.012729344729344729
3 0.15081385979049153 0.387037037037037 0.18261885576148268 0.013527065527065526
1 0.24296535052377113 0.3942934472934473 0.3722360999194198 0.028754985754985758
3 0.5915793714746173 0.3947321937321937 0.17854552780016114 0.010954415954415955
2 0.8547622884770346 0.3956011396011396 0.06853746978243352 0.013547008547008545
1 0.6950644641418211 0.40115669515669516 0.3877316680096696 0.030621082621082624
0 0.19903706688154713 0.40314245014245015 0.2812852538275584 0.009891737891737891
0 0.6254633360193392 0.4110940170940171 0.24622078968573732 0.010378917378917378
2 0.39873892022562446 0.4293931623931624 0.05782433521353748 0.011837606837606837
3 0.18541095890410958 0.4295612535612536 0.25665592264302983 0.013028490028490028
1 0.24314262691377922 0.4415156695156695 0.3739887187751813 0.041188034188034184
0 0.21045930701047544 0.4514188034188034 0.304129734085415 0.02217663817663818
3 0.1512006446414182 0.4784472934472934 0.18823529411764706 0.011561253561253561
2 0.4006889605157131 0.47957834757834755 0.05809427880741338 0.012968660968660969
1 0.2453303787268332 0.48732763532763534 0.3783642224012893 0.03004843304843305
0 0.21450040290088637 0.4952849002849003 0.3122119258662369 0.011262108262108262
2 0.8492949234488315 0.5091396011396011 0.05639403706688155 0.011350427350427352
3 0.6435374697824335 0.5096125356125356 0.2812530217566479 0.011438746438746438
1 0.6912449637389203 0.5099287749287749 0.38009266720386786 0.015968660968660967
2 0.40160354552780014 0.5154444444444445 0.057497985495568095 0.01112820512820513
3 0.13873086220789685 0.5161794871794871 0.16208702659145852 0.010883190883190884
1 0.24472602739726027 0.523025641025641 0.37715149073327964 0.02832763532763533
2 0.8480338436744561 0.5326096866096867 0.05750201450443191 0.011236467236467236
0 0.15716760676873487 0.5327977207977208 0.20190572119258662 0.010245014245014245
3 0.641293311845286 0.532880341880342 0.27555600322320706 0.012635327635327636
1 0.6917365028203063 0.5342849002849003 0.3782796132151491 0.019225071225071225
2 0.8488074133763094 0.5557293447293447 0.05784045124899275 0.012136752136752136
3 0.6253787268331991 0.555934472934473 0.24735697018533442 0.012544159544159545
1 0.6910999194198227 0.5566153846153846 0.3784045124899275 0.017447293447293448
2 0.8493392425463335 0.5781225071225071 0.05406124093473006 0.012435897435897436
3 0.6254593070104755 0.5791994301994302 0.24388396454472203 0.012022792022792024
1 0.6939443996776793 0.5798148148148149 0.38548751007252213 0.016415954415954417
2 0.39780016116035455 0.6036410256410257 0.06925463336019339 0.01213960113960114
3 0.16265108783239324 0.6047236467236468 0.21234085414987913 0.012592592592592593
1 0.2442828364222401 0.6191481481481481 0.3776631748589847 0.04469230769230769
0 0.1790733279613215 0.6257863247863249 0.24426269137792103 0.023584045584045584
2 0.39985898468976633 0.6584957264957265 0.06852538275584207 0.012341880341880341
3 0.15616841257050765 0.6588831908831908 0.1957453666398066 0.013122507122507123
1 0.24652296535052376 0.672974358974359 0.3807453666398066 0.04563247863247863
0 0.2094359387590653 0.6795470085470086 0.30208299758259466 0.020125356125356125
2 0.8479170024174054 0.7086296296296296 0.05847703464947622 0.012521367521367522
3 0.6056325543916197 0.7101082621082622 0.20544319097502015 0.01205128205128205
1 0.6906325543916197 0.7102250712250712 0.3760757453666398 0.013424501424501424
3 0.1544601128122482 0.7125327635327635 0.19112006446414181 0.01262962962962963
2 0.39758259468170826 0.7146210826210827 0.07002417405318292 0.012524216524216524
1 0.24525785656728447 0.731008547008547 0.37961321514907337 0.051037037037037034
2 0.8488517324738114 0.7326267806267807 0.057925060435132965 0.012603988603988604
3 0.5722562449637388 0.7329629629629629 0.13989927477840453 0.012424501424501425
1 0.6900322320709106 0.7396837606837606 0.37767123287671234 0.027877492877492877
0 0.19882755842062852 0.7402136752136752 0.2852215954875101 0.03150712250712251
0 0.6002497985495567 0.7489230769230769 0.1943392425463336 0.011928774928774928
2 0.8469540692989524 0.7707863247863248 0.056555197421434326 0.014492877492877492
3 0.5827195809830782 0.7713561253561254 0.16325141015310232 0.012213675213675213
2 0.3970064464141821 0.7747378917378918 0.0700846091861402 0.012133903133903135
3 0.12976228847703464 0.7765014245014245 0.1453545527800161 0.012236467236467237
1 0.6885535858178888 0.7795840455840456 0.37750604351329575 0.03554700854700855
1 0.24439161966156328 0.7864786324786325 0.37927880741337633 0.03945868945868946
0 0.633190975020145 0.7886923076923077 0.26021756647864625 0.014396011396011396
0 0.1610475423045931 0.797059829059829 0.20821514907332794 0.021883190883190885