0 0.21684931506849317 0.28845299145299147 0.22703062046736502 0.037564102564102565
3 0.43711522965350524 0.30514529914529914 0.14831587429492346 0.009464387464387464
2 0.5689766317485898 0.30612535612535613 0.03564867042707494 0.010547008547008548
1 0.47852135374697824 0.3245726495726496 0.2336140209508461 0.055344729344729345
0 0.475958904109589 0.3313589743589743 0.22724415793714745 0.03905128205128205
3 0.15892425463336018 0.33165811965811964 0.10621273166800967 0.008908831908831908
2 0.30823932312651087 0.33257264957264954 0.03963738920225624 0.011612535612535613
1 0.21845688960515713 0.3526096866096866 0.22776390008058015 0.0552022792022792
0 0.2164302981466559 0.3577207977207977 0.2261966156325544 0.03907122507122507
2 0.5688154713940371 0.36766951566951567 0.039049153908138595 0.007142450142450143
3 0.420201450443191 0.36804273504273505 0.1095245769540693 0.009643874643874645
1 0.47577759871071723 0.37711965811965814 0.22813053988718776 0.03307122507122507
0 0.469464141821112 0.38344729344729345 0.214262691377921 0.018495726495726495
3 0.16546333601933924 0.3971396011396012 0.11929089443996777 0.008985754985754985
2 0.3064746172441579 0.3974245014245014 0.0435535858178888 0.009421652421652422
2 0.567054794520548 0.40950997150997154 0.04049959709911362 0.010014245014245015
3 0.4370950846091861 0.4098803418803419 0.14578968573730863 0.009874643874643874
1 0.2170386784850927 0.4173361823361823 0.22617244157937147 0.05465242165242166
0 0.21659145850120873 0.424031339031339 0.22527800161160355 0.03817948717948718
1 0.47679693795326356 0.42837891737891737 0.2301692183722804 0.056532763532763534
0 0.4753021756647865 0.4363162393162393 0.2234488315874295 0.03727635327635328
3 0.16744560838033845 0.4618746438746439 0.12449637389202256 0.010210826210826212
2 0.30897663174858986 0.4619002849002849 0.039863013698630136 0.008509971509971511
2 0.5665954875100725 0.47237321937321936 0.04082191780821918 0.008367521367521369
3 0.40205479452054793 0.47266951566951565 0.07819903303787268 0.009843304843304843
1 0.21919016921837228 0.4765242165242165 0.2304754230459307 0.04127065527065527
0 0.21559226430298148 0.4792279202279202 0.22327961321514905 0.0212022792022792
1 0.477389202256245 0.4893931623931624 0.22638195004029008 0.04504273504273504
0 0.4768694601128122 0.4930826210826211 0.22534246575342465 0.027831908831908832
3 0.43359790491539085 0.1832934472934473 0.13879532634971797 0.009954415954415954
2 0.5666196615632554 0.18334188034188034 0.04087429492344883 0.010635327635327634
3 0.1545004029008864 0.18369515669515668 0.1010958904109589 0.009883190883190883
2 0.30792103142626914 0.1840712250712251 0.04148267526188557 0.009752136752136752
1 0.47994762288477033 0.20199999999999999 0.24019339242546334 0.057034188034188034
0 0.47668815471394044 0.20854985754985755 0.22498388396454472 0.03675213675213675
1 0.21882755842062854 0.20981481481481482 0.2272683319903304 0.063
0 0.21684125705076554 0.21405413105413107 0.22577356970185333 0.04776353276353276
2 0.5676309427880741 0.24371794871794872 0.037925060435132954 0.009589743589743589
3 0.4227397260273973 0.24395156695156694 0.12080983078162773 0.010934472934472935
3 0.15288074133763094 0.2586809116809117 0.09785253827558421 0.018433048433048434
2 0.3080741337630943 0.2628774928774929 0.03930298146655922 0.01101139601139601
1 0.47690169218372286 0.264008547008547 0.2303746978243352 0.05543589743589744
0 0.47588638195004035 0.26916809116809115 0.22461724415793716 0.03764672364672364
1 0.21806204673650284 0.2798746438746439 0.2307010475423046 0.06257264957264957