3 0.08425060435132958 0.28512820512820514 0.07317888799355358 0.007062678062678063
2 0.1906406124093473 0.28517378917378916 0.02960515713134569 0.006641025641025641
2 0.19314665592264302 0.02921937321937322 0.024556809024979857 0.007692307692307693
3 0.09230459307010475 0.029327635327635326 0.08954069298952458 0.006188034188034187
1 0.45002820306204677 0.29163247863247865 0.22365028203062048 0.008726495726495725
2 0.5451772763900081 0.2917977207977208 0.029000805801772764 0.006826210826210826
3 0.3823690572119259 0.29216809116809117 0.0873972602739726 0.0065128205128205125
1 0.12654311039484287 0.29446723646723644 0.15932715551974214 0.02521652421652422
3 0.3805237711522966 0.029666666666666664 0.06522965350523771 0.006883190883190883
0 0.10972602739726027 0.296994301994302 0.12587832393231266 0.016606837606837607
3 0.3959347300564061 0.30106267806267806 0.1137187751813054 0.005475783475783476
2 0.5450604351329572 0.30115669515669513 0.02912570507655117 0.007025641025641026
1 0.44942385173247384 0.30117094017094015 0.22349315068493153 0.00852991452991453
1 0.44913779210314264 0.3104159544159544 0.22292506043513294 0.008113960113960114
2 0.5450282030620467 0.3104643874643875 0.029174053182917 0.00686039886039886
3 0.39364222401289284 0.31098290598290595 0.10953666398066075 0.007062678062678063
3 0.09141821112006447 0.3115612535612535 0.08895648670427074 0.006461538461538461
2 0.19081788879935535 0.3115811965811966 0.02949637389202256 0.006766381766381766
1 0.4490491539081386 0.3193247863247863 0.22282433521353745 0.008168091168091168
2 0.5447421434327155 0.3197293447293447 0.029222401289282836 0.0068660968660968665
3 0.3979975825946817 0.31986039886039885 0.11824738114423852 0.0057094017094017095
1 0.12692989524576956 0.3207521367521367 0.16089846897663176 0.026803418803418803
0 0.1085132957292506 0.3235213675213675 0.12152296535052377 0.01587179487179487
3 0.07602739726027397 0.33800284900284905 0.0574576954069299 0.0068945868945868944
2 0.1901450443190975 0.33819943019943016 0.03180499597099114 0.007316239316239316
1 0.12587832393231266 0.34418518518518515 0.16210314262691378 0.020515669515669518
0 0.11170829975825947 0.3474928774928775 0.12887993553585816 0.011048433048433049
3 0.3958299758259468 0.3496809116809117 0.09560838033843674 0.005772079772079773
1 0.42497582594681704 0.03521937321937322 0.1559468170829976 0.018586894586894585
1 0.4529572925060435 0.3553846153846154 0.21280419016921837 0.02069230769230769
0 0.44928686543110397 0.35886609686609683 0.20261885576148267 0.010843304843304844
3 0.40136180499597096 0.3690883190883191 0.10627719580983078 0.005173789173789174
1 0.12709508460918614 0.03728205128205129 0.1598791297340854 0.02547008547008547
1 0.4538195004029009 0.3746894586894587 0.2133642224012893 0.018569800569800572
0 0.4530942788074133 0.37835042735042734 0.20883964544722 0.011156695156695156
0 0.42515310233682513 0.03867521367521368 0.15343674456083803 0.010663817663817663
3 0.36914182111200644 0.3884928774928775 0.04066478646253022 0.005404558404558404
1 0.4593271555197421 0.3945726495726496 0.2248952457695407 0.020370370370370372
0 0.45826349717969384 0.3978917378917379 0.2210314262691378 0.012245014245014244
1 0.2019016921837228 0.40045584045584043 0.16120870265914586 0.009678062678062678
2 0.26404109589041097 0.4009515669515669 0.029468170829975826 0.007071225071225071
3 0.16585817888799356 0.40129629629629626 0.08593473005640612 0.006868945868945869
3 0.37825946817083 0.40832478632478636 0.059677679290894445 0.005099715099715099
1 0.20213134568896052 0.40974358974358976 0.16095084609186142 0.008498575498575498
2 0.2638759065269944 0.41020512820512817 0.030785656728444803 0.006968660968660969
3 0.1793029814665592 0.41045299145299147 0.11161563255439161 0.007216524216524216
1 0.4683642224012893 0.4111937321937322 0.24296937953263495 0.013142450142450144
0 0.11205479452054795 0.04131054131054131 0.12908944399677677 0.01589173789173789
0 0.4679331184528606 0.41450997150997154 0.2394439967767929 0.006168091168091167
2 0.26447219983883963 0.4195071225071225 0.03142224012892828 0.007350427350427351
3 0.17889202256244963 0.4195868945868946 0.11079774375503626 0.006373219373219373
1 0.2020064464141821 0.4198717948717949 0.1604754230459307 0.009299145299145299
3 0.3810153102336825 0.42184615384615387 0.06676873489121676 0.005222222222222222
1 0.4223207091055601 0.42806267806267806 0.15012892828364222 0.02094017094017094
2 0.26395245769540693 0.42882621082621086 0.03146253021756648 0.006598290598290598
3 0.18219983883964547 0.4288974358974359 0.11782030620467365 0.0058860398860398865
1 0.2012812248186946 0.429011396011396 0.1604713940370669 0.008572649572649572
0 0.42218372280419014 0.4311823361823362 0.14794923448831587 0.011672364672364672
3 0.3818412570507655 0.44119373219373215 0.06645447219983884 0.0050626780626780625
1 0.4486099919419823 0.44669515669515675 0.20195809830781628 0.019418803418803417
0 0.4472562449637389 0.45032193732193737 0.1985576148267526 0.011296296296296296
3 0.08358178887993553 0.4556923076923077 0.07021353746978244 0.005860398860398861
3 0.4004109589041096 0.4607834757834758 0.10477437550362612 0.006213675213675213
1 0.15117244157937146 0.46123361823361825 0.20865028203062047 0.020259259259259258
0 0.14323932312651086 0.46548148148148144 0.1890249798549557 0.01213960113960114
1 0.43798549556809024 0.46631623931623933 0.18296132151490735 0.018817663817663817
0 0.43836422240128925 0.4697834757834758 0.18076954069298953 0.010259259259259258
3 0.08401692183722805 0.4762678062678063 0.0698751007252216 0.005370370370370371
3 0.38871071716357775 0.4801253561253561 0.08019339242546333 0.00549002849002849
1 0.16342465753424656 0.48212250712250715 0.23252618855761484 0.0193988603988604
1 0.4451007252215955 0.4831766381766382 0.19568493150684932 0.014284900284900285
0 0.16124496373892022 0.4853646723646724 0.22689363416599515 0.01160968660968661
0 0.44503626107977434 0.4866039886039886 0.19411764705882353 0.005900284900284901
3 0.3700241740531829 0.04943304843304843 0.04322723609991942 0.006695156695156695
3 0.39405721192586624 0.4937549857549857 0.0912812248186946 0.0052678062678062675
3 0.0743996776792909 0.49686894586894587 0.0506406124093473 0.0055042735042735045
1 0.46651087832393234 0.49780911680911677 0.2385092667203868 0.01486039886039886
0 0.4668130539887188 0.5006068376068377 0.23674456083803386 0.006065527065527065
1 0.12339242546333602 0.503031339031339 0.15162771958098306 0.019210826210826214
0 0.11997582594681708 0.5060227920227921 0.14342465753424657 0.010997150997150998
3 0.08072119258662369 0.5177492877492877 0.06449234488315873 0.005623931623931624
1 0.11288074133763094 0.5238062678062678 0.13060838033843675 0.01895156695156695
3 0.38543110394842867 0.5252535612535613 0.07480660757453667 0.005262108262108262
0 0.10813053988718775 0.527002849002849 0.11973811442385174 0.011361823361823363
1 0.4554029008863819 0.5302250712250712 0.2147945205479452 0.020185185185185184
0 0.4547703464947623 0.5343988603988604 0.21358984689766317 0.011407407407407408
3 0.08325946817082998 0.5384700854700855 0.06846897663174858 0.006566951566951567
3 0.38972199838839644 0.5445641025641026 0.08299758259468171 0.005304843304843305
1 0.10614423851732474 0.5469601139601139 0.11849315068493152 0.024452991452991454
0 0.10652699435938758 0.5501880341880342 0.11606768734891217 0.016455840455840455
1 0.45723609991941977 0.5505726495726496 0.21920628525382757 0.01944159544159544
2 0.19365431103948427 0.05539031339031339 0.024657534246575345 0.006700854700854701
0 0.45626510878323934 0.5539002849002849 0.2165713134568896 0.012088319088319088
3 0.07853344077356969 0.055643874643874644 0.06174858984689766 0.005373219373219373
3 0.4083078162771958 0.5640712250712251 0.11978243352135375 0.005461538461538462
3 0.09128928283642225 0.5646381766381766 0.08522562449637389 0.006136752136752136
2 0.1564705882352941 0.5646524216524217 0.030906526994359387 0.0060712250712250705
1 0.4251087832393231 0.5725185185185185 0.15494762288477035 0.024547008547008545
1 0.4334568896051571 0.05776638176638176 0.17218372280419017 0.023014245014245014
0 0.4228807413376309 0.5760427350427351 0.15072925060435133 0.01607977207977208
1 0.11246575342465753 0.5762279202279202 0.12904109589041096 0.031413105413105415
0 0.11108783239323128 0.5827464387464387 0.126116035455278 0.016715099715099716
0 0.4329935535858179 0.06112820512820513 0.17020145044319096 0.01625356125356125
1 0.12759871071716358 0.06632763532763533 0.16190975020145046 0.02941025641025641
0 0.11330781627719581 0.07007407407407408 0.13159548751007252 0.02167806267806268
3 0.3820024174053183 0.07421937321937322 0.06810233682514101 0.006487179487179487
1 0.4323609991941982 0.08258404558404558 0.17071716357775987 0.02568945868945869
0 0.43030620467365027 0.08606267806267806 0.16428283642224012 0.016393162393162394
3 0.07058823529411765 0.08717094017094018 0.048013698630136985 0.006299145299145299
2 0.19047945205479452 0.08718518518518519 0.030648670427074937 0.00694017094017094
1 0.1263859790491539 0.09627635327635328 0.15948025785656728 0.024330484330484334
0 0.10393231265108782 0.0992022792022792 0.11381144238517325 0.016612535612535614
3 0.3818573730862208 0.0993931623931624 0.06670427074939565 0.005863247863247862
1 0.42016116035455275 0.10443589743589743 0.14703867848509267 0.019253561253561254
0 0.41896051571313453 0.10823931623931625 0.14213940370668815 0.011022792022792022
3 0.0753505237711523 0.11327350427350427 0.05537469782433521 0.00760968660968661
2 0.1901208702659146 0.11342450142450143 0.030846091861402095 0.006732193732193732
3 0.38854149879129735 0.11876923076923077 0.07933521353746978 0.005663817663817664
1 0.12635374697824336 0.12005128205128204 0.16093473005640613 0.019213675213675212
0 0.09576148267526188 0.12256125356125357 0.09698630136986301 0.010903133903133903
1 0.41608783239323127 0.12376923076923077 0.13889202256244965 0.019797720797720797
0 0.4143311845286059 0.1273190883190883 0.13288074133763095 0.011022792022792022
3 0.08265914585012087 0.13443019943019943 0.07071716357775988 0.007122507122507123
2 0.19104754230459306 0.13444729344729345 0.029504431909750203 0.0074045584045584045
3 0.36597502014504435 0.13841310541310542 0.03456889605157131 0.005735042735042735
1 0.430914585012087 0.14147578347578346 0.16638195004029008 0.01403133903133903
1 0.12786462530217568 0.14304843304843307 0.16197018533440774 0.023934472934472935
0 0.4302417405318291 0.1444102564102564 0.1641539081385979 0.005498575498575499
0 0.10727639000805801 0.1465726495726496 0.12049556809024979 0.015686609686609686
3 0.36552377115229656 0.151991452991453 0.03383158742949235 0.005703703703703704
1 0.43567687348912165 0.15495156695156695 0.17518936341659952 0.01403988603988604
0 0.43479049153908145 0.1585840455840456 0.17325543916196615 0.0060911680911680905
3 0.08226027397260273 0.16045584045584046 0.06847703464947623 0.006726495726495726
2 0.19062852538275585 0.16052991452991455 0.030036261079774373 0.006883190883190883
3 0.38699838839645445 0.1662991452991453 0.07847300564061241 0.006868945868945869
1 0.12738114423851735 0.16643304843304843 0.16033843674456083 0.019581196581196583
0 0.10987510072522158 0.16973219373219373 0.12569298952457697 0.011284900284900284
1 0.42950040290088637 0.1713874643874644 0.1635576148267526 0.018954415954415955
0 0.41317082997582594 0.17526210826210825 0.12892022562449637 0.01045014245014245
3 0.09818694601128122 0.18104558404558405 0.1003303787268332 0.007168091168091168
2 0.1909750201450443 0.18134472934472934 0.029818694601128126 0.0071396011396011394
3 0.37946817082997586 0.1853931623931624 0.06414987912973409 0.006364672364672364
1 0.12734891216760677 0.18780626780626783 0.16093473005640613 0.02012250712250712
1 0.4295044319097502 0.18852991452991452 0.16428283642224012 0.014096866096866096
0 0.10947219983883964 0.19035327635327634 0.1244037066881547 0.00996866096866097
0 0.42796132151490734 0.1918831908831909 0.1601410153102337 0.005618233618233618
3 0.0869218372280419 0.22013390313390313 0.07996373892022562 0.006923076923076923
2 0.19091861402095084 0.22027065527065526 0.02878323932312651 0.006772079772079772
1 0.1263658340048348 0.22801424501424503 0.1629532634971797 0.026435897435897436
0 0.10697018533440773 0.23244729344729345 0.11988718775181305 0.016877492877492878
2 0.1906406124093473 0.24623646723646722 0.030056406124093472 0.007632478632478633
3 0.06862207896857372 0.2466837606837607 0.043126510878323934 0.007572649572649572
1 0.12663980660757454 0.26116239316239315 0.15951651893634167 0.037390313390313394
0 0.10873086220789686 0.26852421652421654 0.12340451248992748 0.02231054131054131