1 0.07147058823529412 0.040581196581196584 0.11614020950846092 0.005512820512820513
2 0.1154512489927478 0.04085754985754986 0.024802578565672844 0.004663817663817664
3 0.04079774375503626 0.041005698005698005 0.05479049153908139 0.004686609686609686
2 0.23102739726027396 0.0429059829059829 0.029903303787268333 0.005205128205128205
3 0.16233682514101533 0.042923076923076925 0.03240934730056406 0.006056980056980058
1 0.19694601128122483 0.04534472934472934 0.10278404512489928 0.011720797720797722
2 0.11572925060435134 0.046495726495726496 0.026905721192586624 0.004461538461538461
3 0.05378726833199033 0.046635327635327635 0.07999597099113619 0.004743589743589743
1 0.07176470588235294 0.046692307692307686 0.1181627719580983 0.005632478632478633
0 0.16639000805801774 0.04892307692307692 0.041410153102336825 0.004074074074074075
1 0.0717365028203062 0.05444729344729345 0.11790894439967767 0.010817663817663817
3 0.052195809830781634 0.05458404558404559 0.07681305398871878 0.009165242165242166
2 0.23109589041095893 0.05590883190883191 0.029657534246575343 0.0047094017094017095
3 0.16100322320709107 0.05603133903133903 0.029351329572925057 0.006045584045584045
2 0.11562449637389204 0.05687749287749287 0.027082997582594682 0.004458689458689459
1 0.19653908138597906 0.058652421652421655 0.10120064464141822 0.011564102564102565
0 0.16615229653505237 0.06174928774928775 0.04042707493956487 0.004364672364672364
3 0.02437147461724416 0.0637037037037037 0.02232070910556003 0.004179487179487179
2 0.11578162771958099 0.06372364672364672 0.027010475423045934 0.004766381766381766
1 0.07098710717163578 0.0639059829059829 0.11869057211925865 0.007116809116809117
3 0.15773166800966962 0.06883475783475784 0.02357775987107172 0.005968660968660968
2 0.2315310233682514 0.06917663817663817 0.02937147461724416 0.0050142450142450145
1 0.07121676067687349 0.07063532763532764 0.12037872683319902 0.0073561253561253565
2 0.11573327961321515 0.07072364672364673 0.025757453666398065 0.005373219373219373
3 0.029854955680902497 0.07090028490028491 0.03290491539081386 0.004905982905982906
1 0.19672844480257856 0.07132193732193733 0.10234891216760678 0.01149002849002849
0 0.1659307010475423 0.07437037037037038 0.03958904109589041 0.004467236467236467
3 0.03231265108783239 0.0769031339031339 0.03782030620467365 0.0046210826210826205
2 0.11568493150684932 0.07825071225071226 0.02643029814665592 0.005128205128205128
1 0.07131345688960515 0.07935042735042734 0.11875503626107978 0.01173789173789174
0 0.02965350523771152 0.08143019943019943 0.03288879935535858 0.004655270655270655
2 0.2312973408541499 0.0824017094017094 0.028908138597904916 0.0055042735042735045
3 0.16416196615632553 0.08244729344729344 0.035282030620467364 0.006415954415954416
1 0.19675261885576148 0.08306837606837607 0.10201047542304593 0.009022792022792023
2 0.2309468170829976 0.09257834757834757 0.02897663174858985 0.005638176638176638
3 0.1589685737308622 0.09301424501424502 0.02451651893634166 0.00650997150997151
1 0.1963819500402901 0.09437606837606838 0.10127316680096697 0.0106011396011396
0 0.16214343271555198 0.09781766381766381 0.030862207896857372 0.0038233618233618235
3 0.02232473811442385 0.09801709401709402 0.017066881547139402 0.004222222222222223
1 0.07080580177276391 0.09808262108262107 0.11624093473005641 0.005943019943019943
2 0.11512892828364223 0.09816524216524217 0.024935535858178887 0.004789173789173789
1 0.07034649476228848 0.10437606837606837 0.11638195004029009 0.006831908831908832
2 0.23141015310233684 0.10448433048433049 0.030290088638195007 0.005404558404558404
2 0.11518130539887188 0.10452136752136752 0.025040290088638194 0.004663817663817664
3 0.17333601933924256 0.10454415954415953 0.0532433521353747 0.0060712250712250705
3 0.024879129734085414 0.10454985754985756 0.02256647864625302 0.004720797720797721
1 0.19684125705076552 0.10676353276353277 0.1017969379532635 0.011880341880341882
0 0.16234891216760677 0.10981196581196581 0.032429492344883154 0.004586894586894587
1 0.06979049153908139 0.11063247863247863 0.11749395648670427 0.008014245014245015
2 0.11536663980660757 0.11097150997150997 0.02541095890410959 0.005264957264957265
3 0.02372683319903304 0.11142735042735043 0.02064867042707494 0.004811965811965812
1 0.07072522159548751 0.11676923076923078 0.11921031426269138 0.007914529914529915
3 0.027228041901692184 0.11737321937321937 0.028037872683319906 0.004680911680911681
2 0.1159508460918614 0.11743019943019943 0.025036261079774375 0.004794871794871794
2 0.11643432715551974 0.12356980056980058 0.02444802578565673 0.004507122507122507
1 0.07091055600322321 0.12362678062678063 0.11812651087832393 0.007387464387464388
3 0.023827558420628527 0.12405413105413106 0.019689766317485896 0.005202279202279203
1 0.19417002417405319 0.1633247863247863 0.09723609991941982 0.005048433048433048
3 0.16591458501208703 0.16341025641025642 0.03840048348106366 0.004672364672364672
2 0.2277880741337631 0.16343304843304843 0.023819500402900887 0.0039002849002849
3 0.16121273166800967 0.1682051282051282 0.02938356164383562 0.004424501424501424
1 0.19340451248992746 0.16851282051282052 0.0966317485898469 0.0044928774928774924
2 0.2278525382755842 0.1685954415954416 0.0235535858178888 0.0038433048433048436
1 0.19319500402900885 0.17305698005698003 0.09682514101531023 0.004185185185185185
2 0.2276510878323932 0.17315099715099716 0.02354552780016116 0.004210826210826211
3 0.16100725221595488 0.17331623931623932 0.029750201450443194 0.004262108262108263
3 0.02239323126510878 0.17539316239316238 0.017207896857373086 0.005142450142450143
1 0.07118452860596293 0.17568945868945868 0.1191498791297341 0.0069544159544159545
2 0.1154713940370669 0.17570940170940172 0.026394037066881548 0.0049544159544159545
3 0.16282030620467366 0.17801139601139604 0.03298549556809025 0.004364672364672364
2 0.2283883964544722 0.17802849002849003 0.02347300564061241 0.004398860398860399
3 0.025265914585012088 0.18297150997151 0.02411361804995971 0.0052678062678062675
2 0.11553585817888799 0.1832051282051282 0.026905721192586624 0.0054643874643874645
1 0.07167203867848508 0.18387749287749286 0.11868654311039484 0.006079772079772079
1 0.1927276390008058 0.187014245014245 0.09666398066075745 0.022179487179487176
0 0.17242949234488317 0.1894102564102564 0.05297743755036261 0.015689458689458688
3 0.021494762288477035 0.19087179487179487 0.016571313456889607 0.005766381766381766
1 0.06983078162771958 0.191025641025641 0.12171232876712328 0.008393162393162394
2 0.11562449637389204 0.19112820512820514 0.02669621273166801 0.005461538461538462
2 0.11587832393231266 0.20037037037037037 0.024891216760676873 0.005094017094017094
3 0.04397663174858985 0.20052421652421654 0.0592143432715552 0.00703988603988604
1 0.0703706688154714 0.2079145299145299 0.11751813053988719 0.022709401709401708
1 0.19964141821112005 0.21105128205128204 0.10662771958098306 0.012515669515669516
0 0.0511361804995971 0.21118233618233617 0.07701450443190976 0.013056980056980057
3 0.0457010475423046 0.2240797720797721 0.06459709911361805 0.006056980056980058
2 0.1157856567284448 0.22421367521367522 0.025471394037066882 0.004962962962962963
1 0.07082191780821918 0.2312991452991453 0.11699033037872683 0.02078062678062678
0 0.035672844480257856 0.2337008547008547 0.04569701853344078 0.012735042735042735
3 0.03967365028203062 0.2479059829059829 0.052542304593070105 0.006441595441595441
2 0.11578968573730862 0.24856410256410258 0.024705882352941178 0.005025641025641026
1 0.0705157131345689 0.25425356125356124 0.11637792103142627 0.020022792022792023
0 0.05651087832393231 0.2568376068376068 0.08660354552780015 0.011464387464387465