3 0.32226027397260276 0.29467521367521365 0.10150282030620468 0.009504273504273504
3 0.0773327961321515 0.2948005698005698 0.057429492344883155 0.010054131054131055
2 0.12614020950846092 0.29525071225071226 0.024726027397260274 0.00905128205128205
2 0.3940894439967768 0.29527065527065527 0.02452860596293312 0.009096866096866097
1 0.15507252215954875 0.3013133903133903 0.21291700241740533 0.02497720797720798
1 0.35649073327961317 0.3022307692307692 0.17639806607574537 0.026814814814814816
0 0.35475020145044317 0.30677207977207976 0.16501208702659145 0.012373219373219373
0 0.15557211925866238 0.3088689458689459 0.2101248992747784 0.009287749287749288
2 0.19452860596293312 0.32069515669515675 0.024452054794520547 0.007686609686609687
3 0.11293714746172441 0.32122222222222224 0.12327155519742143 0.01064102564102564
2 0.4097260273972603 0.3227293447293447 0.020866236905721192 0.007957264957264957
3 0.33273972602739726 0.32385185185185184 0.12062449637389201 0.008398860398860399
1 0.15511684125705077 0.3314985754985755 0.2130016116035455 0.033094017094017096
1 0.3468412570507655 0.332068376068376 0.15441176470588236 0.029487179487179487
0 0.15551974214343273 0.33719373219373217 0.21001611603545528 0.017054131054131054
0 0.3424858984689766 0.33750997150997153 0.14121273166800968 0.014048433048433048
3 0.3095809830781628 0.35198005698005697 0.07393231265108784 0.009185185185185185
2 0.36562852538275586 0.35256695156695156 0.022695406929895245 0.008726495726495725
3 0.08347703464947623 0.35683760683760685 0.06972199838839646 0.009666666666666667
2 0.1392344883158743 0.3568974358974359 0.02001208702659146 0.008834757834757834
1 0.34794520547945207 0.36032193732193735 0.15661966156325544 0.028037037037037037
0 0.34769943593875907 0.366002849002849 0.1523811442385173 0.01590883190883191
1 0.13517727639000807 0.36744729344729343 0.1731184528605963 0.03364102564102564
0 0.13580580177276388 0.37377777777777776 0.17132554391619662 0.017934472934472936
2 0.4019661563255439 0.3836980056980057 0.01878726833199033 0.007592592592592592
3 0.32110394842868656 0.38697150997151 0.0975624496373892 0.02053276353276353
3 0.09769943593875907 0.3925270655270655 0.09816680096696213 0.010737891737891737
2 0.16837228041901692 0.3928803418803419 0.027228041901692184 0.009547008547008547
1 0.35670427074939565 0.3947264957264957 0.17144641418211118 0.03794301994301995
1 0.1220427074939565 0.40314814814814814 0.1455157131345689 0.032928774928774926
0 0.34198630136986297 0.4056410256410256 0.1409508460918614 0.014575498575498575
0 0.12032634971796936 0.4088888888888889 0.14110394842868657 0.02003133903133903
2 0.3910354552780016 0.42048433048433054 0.021107977437550364 0.00964957264957265
3 0.32355761482675266 0.42137321937321937 0.09977840451248993 0.009529914529914531
2 0.1457050765511684 0.42833618233618237 0.022199838839645446 0.008250712250712252
1 0.3550725221595487 0.42895441595441597 0.16819097502014504 0.02944159544159544
3 0.08862610797743754 0.42931339031339033 0.07867445608380338 0.010207977207977207
0 0.3550805801772764 0.4344131054131054 0.16567284448025785 0.014917378917378918
1 0.15236502820306205 0.4394045584045584 0.20884367445608382 0.03228774928774929
0 0.15292908944399677 0.44595726495726495 0.20409750201450444 0.019806267806267805
2 0.22776792908944402 0.46454700854700853 0.025096696212731667 0.009421652421652422
3 0.13102336825141014 0.465042735042735 0.160781627719581 0.011358974358974358
1 0.14823529411764708 0.4814216524216524 0.1992385173247381 0.04411965811965812
3 0.3011522965350524 0.4824985754985755 0.05631748589846898 0.01111965811965812
2 0.3420789685737308 0.48284900284900284 0.02127719580983078 0.007071225071225071
0 0.14746978243352135 0.4863304843304843 0.19317485898468975 0.02774358974358974
1 0.3563336019339242 0.4905413105413105 0.17339645447219984 0.028150997150997153
0 0.3564262691377921 0.4968404558404559 0.16909750201450444 0.014444444444444446
3 0.28953263497179693 0.5124672364672365 0.035761482675261885 0.008347578347578348
2 0.3238114423851733 0.5126324786324786 0.01967767929089444 0.007729344729344729
1 0.3200322320709106 0.5204245014245015 0.10079371474617244 0.02521652421652422
0 0.3192908944399678 0.5237977207977208 0.09482272360999194 0.009592592592592594
1 0.1367203867848509 0.12712820512820514 0.13993150684931507 0.014840455840455841
2 0.1879129734085415 0.12734472934472935 0.02600322320709106 0.009572649572649573
3 0.11666398066075745 0.12789173789173788 0.0957856567284448 0.010666666666666666
2 0.39968170829975824 0.14317094017094018 0.023622078968573733 0.009871794871794872
3 0.32654311039484285 0.14355270655270655 0.11006849315068493 0.010444444444444444
1 0.3484327155519742 0.15076638176638177 0.15625302175664788 0.026962962962962963
0 0.3489605157131346 0.15687179487179487 0.15490330378726835 0.013678062678062677
3 0.33816277195809835 0.17064102564102565 0.133303787268332 0.008455840455840457
2 0.4221071716357776 0.17137037037037037 0.024137792103142625 0.007361823361823362
1 0.3578726833199033 0.17842165242165242 0.17513295729250605 0.027165242165242163
2 0.14804995970991136 0.18237321937321938 0.026889605157131343 0.011316239316239316
3 0.08978243352135375 0.183025641025641 0.07964544721998389 0.009772079772079771
0 0.3572078968573731 0.18407407407407408 0.17139403706688153 0.015558404558404558
1 0.14838839645447222 0.1975213675213675 0.19954069298952457 0.04256695156695157
3 0.3142949234488316 0.1995099715099715 0.08409347300564061 0.007951566951566952
2 0.37302578565672845 0.19973219373219372 0.02193392425463336 0.00896011396011396
0 0.14738114423851734 0.20377492877492878 0.19373489121676069 0.027396011396011395
1 0.35733279613215146 0.21164102564102563 0.1727074939564867 0.0346980056980057
0 0.35806607574536664 0.21699145299145298 0.17164383561643834 0.02054985754985755
3 0.11018936341659952 0.22805698005698005 0.11911361804995971 0.010524216524216524
2 0.19384770346494762 0.2284985754985755 0.023090249798549557 0.00760968660968661
2 0.43497179693795324 0.23609116809116806 0.021647864625302174 0.007592592592592592
3 0.3450483481063658 0.23619658119658118 0.14487510072522158 0.007997150997150997
1 0.1532191780821918 0.23936752136752135 0.2105560032232071 0.03505128205128205
1 0.3588477034649476 0.24335612535612533 0.17573730862207898 0.027826210826210826
0 0.15228847703464948 0.24572364672364672 0.2050201450443191 0.020287749287749287
0 0.347143432715552 0.2487321937321937 0.14906124093473005 0.013307692307692309
3 0.31280419016921834 0.2647008547008547 0.08112006446414183 0.0078005698005698
2 0.37178887993553583 0.264977207977208 0.022925060435132958 0.00931054131054131
1 0.35363819500402904 0.27315099715099717 0.16800161160354554 0.02755840455840456
0 0.35364222401289286 0.27774074074074073 0.16353344077356968 0.014635327635327634