3 0.16780419016921838 0.28560683760683764 0.15342062852538277 0.005937321937321938
2 0.3695406929895246 0.286951566951567 0.006966156325543916 0.004635327635327635
1 0.23137389202256245 0.2880598290598291 0.2860838033843674 0.011225071225071225
0 0.1273086220789686 0.2906353276353276 0.07390813859790492 0.004487179487179487
2 0.36450846091861405 0.2997122507122507 0.01339242546333602 0.004606837606837607
1 0.2310757453666398 0.30017094017094015 0.28548751007252215 0.0076609686609686615
3 0.1468614020950846 0.3002962962962963 0.11375100725221594 0.004458689458689459
2 0.3647018533440774 0.309948717948718 0.014786462530217568 0.005133903133903134
3 0.21054391619661567 0.3103361823361823 0.24112006446414183 0.005715099715099715
1 0.23043916196615635 0.31072079772079775 0.2842143432715552 0.00882051282051282
2 0.36898066075745367 0.10923361823361824 0.00669621273166801 0.005008547008547008
3 0.1999355358581789 0.11092592592592593 0.22580983078162772 0.0058860398860398865
1 0.23064464141821114 0.11101139601139601 0.2889887187751813 0.00917094017094017
2 0.36508863819500403 0.11972649572649573 0.013138597904915391 0.004754985754985755
1 0.23112812248186945 0.1204928774928775 0.2886099919419823 0.008045584045584045
3 0.2076067687348912 0.12068945868945868 0.24116035455277998 0.006586894586894587
2 0.3649435938759065 0.12955270655270656 0.012058823529411764 0.00541025641025641
1 0.23043110394842867 0.12965242165242163 0.29024174053182916 0.00784045584045584
3 0.17752618855761482 0.1306125356125356 0.18174053182917002 0.006564102564102564
2 0.36439161966156325 0.14007692307692307 0.014907332796132152 0.004666666666666666
1 0.22978243352135377 0.14070655270655272 0.2869258662369057 0.007871794871794872
3 0.15544721998388397 0.14156980056980056 0.13536261079774375 0.004943019943019943
2 0.3687348912167607 0.15043589743589741 0.006998388396454473 0.005270655270655271
1 0.2299597099113618 0.15058119658119656 0.2882876712328767 0.00696011396011396
3 0.1571474617244158 0.15125356125356124 0.14172038678485094 0.00549002849002849
2 0.3650080580177277 0.1851225071225071 0.012614826752618855 0.004823361823361823
3 0.18523771152296534 0.18542735042735042 0.1956809024979855 0.006378917378917379
1 0.2294399677679291 0.18542735042735042 0.2862449637389202 0.007555555555555556
1 0.22924254633360194 0.1952962962962963 0.2858460918614021 0.008062678062678063
2 0.36488718775181306 0.19552991452991453 0.012373086220789685 0.005156695156695157
3 0.20814262691377922 0.19556125356125356 0.2414907332796132 0.006774928774928775
2 0.3688517324738114 0.20548433048433049 0.006051571313456889 0.0045811965811965805
3 0.18453666398066074 0.2056894586894587 0.19649879129734085 0.00558974358974359
1 0.22938356164383564 0.2058148148148148 0.2871394037066881 0.008435897435897436
2 0.36520950846091865 0.21589458689458688 0.013021756647864625 0.00492022792022792
3 0.18839645447219985 0.2163874643874644 0.2034730056406124 0.006592592592592593
1 0.22976228847703464 0.2168062678062678 0.28790088638195005 0.00976068376068376
2 0.3689524576954069 0.22624216524216526 0.006708299758259467 0.0044843304843304845
3 0.17670024174053184 0.2264017094017094 0.180825946817083 0.006752136752136752
1 0.22997179693795325 0.22683190883190882 0.28831587429492345 0.009153846153846155
1 0.2298912167606769 0.23627065527065524 0.2871474617244158 0.008088319088319088
3 0.20094681708299758 0.2366039886039886 0.22858178887993555 0.006763532763532763
2 0.36533843674456085 0.2367977207977208 0.013279613215149073 0.0044643874643874645
3 0.2053505237711523 0.2718803418803419 0.22999194198227238 0.0061994301994301995
2 0.3690733279613215 0.2737578347578348 0.006498791297340854 0.0045811965811965805
1 0.23072119258662369 0.27447008547008545 0.2867969379532635 0.011823361823361824
0 0.12780821917808222 0.27721937321937323 0.07395245769540694 0.004401709401709401