2 0.1281990330378727 0.2963105413105413 0.00637389202256245 0.0032507122507122507
3 0.16132554391619663 0.29633618233618236 0.03400483481063658 0.003977207977207978
2 0.18560435132957293 0.29637321937321937 0.005797743755036261 0.0037122507122507122
3 0.04658742949234488 0.2963817663817664 0.03435132957292506 0.0037293447293447295
1 0.1664423851732474 0.2964102564102564 0.04450846091861402 0.0037464387464387467
1 0.10964544721998389 0.29642450142450144 0.04569701853344078 0.0027321937321937322
1 0.05252618855761483 0.2964273504273504 0.046740531829170026 0.0037834757834757835
3 0.1040692989524577 0.29645584045584045 0.03344883158742949 0.003207977207977208
2 0.07141015310233682 0.2964843304843305 0.006273166800966962 0.0035982905982905986
3 0.1036784850926672 0.3031851851851852 0.03314262691377921 0.003512820512820513
1 0.1666921837228042 0.3031908831908832 0.04599516518936342 0.004074074074074075
2 0.12873086220789684 0.3032136752136752 0.005523771152296535 0.0032336182336182334
1 0.1097743755036261 0.3032706552706553 0.045463336019339246 0.0035384615384615385
2 0.18552377115229654 0.3032849002849003 0.006112006446414182 0.0035213675213675213
3 0.1612369057211926 0.3033190883190883 0.03381950040290089 0.00411965811965812
3 0.04669218372280419 0.30347008547008547 0.03408541498791297 0.0037492877492877495
2 0.07137389202256245 0.3034843304843305 0.0052457695406929895 0.003774928774928775
1 0.05224012892828364 0.3035498575498576 0.0451853344077357 0.004094017094017094
3 0.048867848509266724 0.1886039886039886 0.03796132151490733 0.004299145299145299
1 0.11101933924254634 0.195002849002849 0.16273972602739728 0.016566951566951565
0 0.09599113618049959 0.1981737891737892 0.13219983883964545 0.009615384615384616
2 0.18111200644641418 0.1986239316239316 0.022550362610797743 0.008495726495726497
3 0.049794520547945205 0.211991452991453 0.039810636583400484 0.004883190883190883
1 0.11134971796937954 0.2182022792022792 0.1638920225624496 0.01698005698005698
2 0.1809266720386785 0.22134188034188032 0.021712328767123288 0.008074074074074074
0 0.09641418211120065 0.22145868945868946 0.13304593070104756 0.009991452991452992
3 0.04999597099113618 0.23502849002849005 0.03973811442385173 0.00443019943019943
1 0.11116035455278 0.24145014245014246 0.1630177276390008 0.01714814814814815
2 0.18058823529411766 0.24469230769230768 0.022465753424657533 0.008242165242165242
0 0.09643029814665592 0.2448091168091168 0.13356164383561644 0.010501424501424501
3 0.05000402900886382 0.25816809116809114 0.03975020145044319 0.004854700854700854
1 0.11163577759871071 0.2643133903133903 0.16348509266720387 0.01688888888888889
0 0.09632151490733279 0.2674928774928775 0.13238920225624495 0.010014245014245015
2 0.18077759871071716 0.2677920227920228 0.022369057211925867 0.007578347578347579