3 0.41418211120064463 0.30163817663817666 0.10119258662369057 0.011592592592592592
1 0.49142626913779214 0.30180911680911676 0.25749395648670426 0.014378917378917378
2 0.5908138597904916 0.30291452991452994 0.05120467365028203 0.01043019943019943
1 0.48994762288477034 0.3145954415954416 0.2538597904915391 0.013937321937321938
3 0.4116559226430298 0.3151196581196581 0.0972723609991942 0.012541310541310541
2 0.5905680902497985 0.3157948717948718 0.05141015310233682 0.009353276353276353
3 0.4064141821112007 0.327991452991453 0.08443593875906527 0.0109002849002849
1 0.4902175664786463 0.3286752136752137 0.25432312651087835 0.012723646723646722
2 0.5905842062852538 0.32913675213675214 0.0514464141821112 0.009695156695156696
2 0.27105962933118455 0.3291937321937322 0.04354552780016116 0.010307692307692308
1 0.1673569701853344 0.3333817663817664 0.2541257050765512 0.02358119658119658
3 0.09631748589846897 0.3341452991452991 0.11151490733279612 0.023834757834757834
3 0.40333199033037875 0.3407891737891738 0.07923448831587429 0.010675213675213674
1 0.49065672844480257 0.3416153846153846 0.25244560838033847 0.01307977207977208
2 0.5911200644641419 0.3427920227920228 0.05040692989524577 0.010663817663817663
1 0.49003223207091057 0.35402564102564105 0.2526913779210314 0.01378062678062678
3 0.38598710717163576 0.35432478632478637 0.04635374697824335 0.012786324786324786
2 0.2712087026591458 0.35504843304843303 0.04314262691377921 0.01033048433048433
2 0.5909024979854955 0.35555840455840454 0.049975825946817085 0.009361823361823361
3 0.09612006446414181 0.36054131054131056 0.11142224012892829 0.022883190883190883
1 0.16598710717163578 0.36095441595441596 0.2543956486704271 0.024122507122507124
3 0.38595890410958905 0.3672991452991453 0.045809830781627724 0.013054131054131054
1 0.4907937147461725 0.36742450142450145 0.2551813053988719 0.013931623931623931
2 0.5906406124093473 0.3686125356125356 0.050854149879129736 0.01011965811965812
1 0.49118855761482677 0.3799116809116809 0.2553948428686543 0.013774928774928776
3 0.3868614020950846 0.38103703703703706 0.045797743755036265 0.012162393162393162
2 0.5938275584206286 0.3821766381766382 0.04458098307816277 0.009914529914529914
2 0.2719057211925866 0.3828005698005698 0.04313053988718775 0.012655270655270655
1 0.16796132151490734 0.38685754985754983 0.254331184528606 0.026356125356125356
3 0.1023972602739726 0.38695156695156696 0.12319097502014505 0.02327350427350427
2 0.27028203062046735 0.40786894586894584 0.04340048348106366 0.010606837606837605
1 0.16590249798549556 0.4130797720797721 0.2562328767123288 0.0241994301994302
3 0.10177679290894441 0.4136153846153846 0.12443190975020144 0.02305128205128205
3 0.3901208702659146 0.43252136752136755 0.053033843674456085 0.009475783475783475
3 0.11131748589846899 0.43285470085470085 0.14220386784850927 0.008866096866096866
1 0.1662167606768735 0.43371794871794866 0.25375100725221594 0.013515669515669515
1 0.4896253021756648 0.4338860398860399 0.2538879935535858 0.014051282051282052
2 0.593904109589041 0.4343361823361823 0.0440290088638195 0.010857549857549857
2 0.27135777598710714 0.4348575498575498 0.043436744560838035 0.012897435897435899
3 0.38930298146655923 0.4456923076923077 0.050479452054794524 0.009774928774928776
3 0.11447219983883965 0.4465783475783476 0.14905318291700242 0.010239316239316239
1 0.1666317485898469 0.4466153846153846 0.25672441579371474 0.013672364672364674
1 0.4897864625302176 0.4471025641025641 0.25320709105560035 0.012826210826210827
2 0.59383964544722 0.44771794871794873 0.04319903303787268 0.009794871794871795
2 0.26659548751007256 0.44796866096866095 0.05008058017727639 0.009794871794871795
3 0.3855479452054794 0.4586039886039886 0.04543916196615633 0.010165242165242165
1 0.4900120870265915 0.4602307692307693 0.2546615632554392 0.013561253561253562
2 0.5947139403706688 0.4610911680911681 0.04354149879129734 0.010196581196581197
3 0.3827195809830781 0.47248433048433053 0.03793714746172441 0.010316239316239317
1 0.4896535052377115 0.4728547008547009 0.25495165189363417 0.01327920227920228
2 0.5946373892022563 0.4745754985754986 0.0433883964544722 0.01033048433048433
3 0.09486704270749396 0.4763903133903134 0.10760676873489121 0.010176638176638176
1 0.1675825946817083 0.47730769230769227 0.25457292506043516 0.012262108262108261
2 0.2714141821112006 0.47805698005698005 0.042852538275584204 0.010831908831908833
3 0.42057211925866234 0.48552421652421657 0.1129331184528606 0.01088034188034188
1 0.4907131345688961 0.486065527065527 0.25506849315068497 0.014173789173789173
2 0.5943593875906528 0.4869202279202279 0.043529411764705886 0.010170940170940172
3 0.1105157131345689 0.4894529914529915 0.14099516518936342 0.009504273504273504
1 0.16699838839645448 0.4903817663817664 0.2559911361804996 0.011934472934472935
2 0.27046736502820307 0.4913646723646724 0.04376712328767123 0.010145299145299146
3 0.3854109589041096 0.4991794871794871 0.04331587429492345 0.009786324786324787
1 0.4905842062852539 0.49955840455840456 0.2558058017727639 0.013507122507122505
2 0.5940733279613215 0.5005982905982905 0.04366236905721193 0.009695156695156696
3 0.3830419016921837 0.5127777777777778 0.03908541498791297 0.012193732193732192
1 0.4901168412570508 0.5134415954415955 0.2548912167606769 0.014333333333333333
2 0.5945568090249799 0.5142022792022791 0.042518130539887185 0.010065527065527066
1 0.4893110394842869 0.525911680911681 0.2541337630942788 0.013908831908831909
3 0.3960797743755036 0.526054131054131 0.06384367445608381 0.011435897435897437
2 0.5938114423851732 0.5267891737891738 0.043138597904915386 0.009396011396011395
3 0.4060112812248187 0.537980056980057 0.08464141821112008 0.009997150997150999
1 0.490177276390008 0.5387578347578348 0.25298549556809025 0.013202279202279203
2 0.5938920225624497 0.5400797720797721 0.042594681708299754 0.009635327635327635
3 0.11301369863013698 0.5458262108262107 0.14543916196615633 0.012512820512820513
1 0.16832393231265108 0.547042735042735 0.2560556003223207 0.015586894586894587
2 0.2716559226430298 0.5477606837606838 0.04403706688154714 0.011076923076923078
3 0.40007252215954875 0.5520940170940171 0.07259468170829976 0.010948717948717948
1 0.4900402900886382 0.5523162393162393 0.2537147461724416 0.013370370370370371
2 0.5940894439967768 0.5537037037037037 0.043694601128122484 0.00954985754985755
3 0.09069701853344078 0.5594900284900285 0.09889605157131345 0.010253561253561255
1 0.16796937953263497 0.5611168091168091 0.2540531829170024 0.01298860398860399
2 0.27156728444802575 0.5618319088319088 0.04385979049153908 0.009900284900284901
3 0.408348106365834 0.5657663817663817 0.08894439967767928 0.012783475783475783
1 0.49114423851732475 0.5663390313390313 0.2539202256244964 0.01376068376068376
2 0.5938033843674456 0.5668034188034188 0.04338033843674456 0.010897435897435897
3 0.10724818694601128 0.5736638176638177 0.13174053182917003 0.011438746438746438
1 0.1676631748589847 0.5742678062678063 0.2556647864625302 0.01362962962962963
2 0.271317485898469 0.5750797720797721 0.04406124093473006 0.010056980056980056
1 0.16867445608380338 0.5867863247863248 0.25765914585012084 0.014376068376068377
3 0.06786059629331184 0.5868290598290599 0.05296535052377115 0.011162393162393163
2 0.27161160354552777 0.5876609686609687 0.045358581788879936 0.009376068376068376
3 0.06626510878323932 0.5991452991452991 0.052675261885576155 0.009706552706552707
1 0.16661966156325544 0.599931623931624 0.2547461724415794 0.01048148148148148
2 0.27180902497985493 0.6002991452991453 0.04434730056406124 0.009797720797720798
3 0.0735737308622079 0.6128290598290599 0.06367042707493957 0.010464387464387463
1 0.4884528605962933 0.6133447293447294 0.2555600322320709 0.012757834757834758
3 0.39032634971796937 0.6135925925925926 0.05521756647864626 0.009854700854700856
1 0.16786462530217566 0.6136239316239317 0.25526591458501213 0.014247863247863247
2 0.5943593875906528 0.6149430199430199 0.042828364222401286 0.009763532763532765
2 0.27119258662369056 0.6150341880341881 0.04310636583400483 0.009450142450142451
3 0.40976228847703466 0.6263504273504273 0.09309427880741337 0.009253561253561252
1 0.4899395648670427 0.6268689458689458 0.2545165189363417 0.012863247863247863
2 0.5933722804190169 0.6280826210826211 0.04296937953263497 0.010695156695156695
3 0.41259871071716353 0.6399373219373219 0.097767929089444 0.009598290598290598
1 0.49007655116841253 0.6400911680911681 0.2547945205479452 0.010233618233618234
2 0.5945205479452055 0.641002849002849 0.04315471394037067 0.0097008547008547
3 0.4014101531023368 0.6528290598290598 0.07689363416599516 0.009971509971509971
1 0.48937550362610804 0.6534501424501424 0.2553948428686543 0.011424501424501425
2 0.5938033843674456 0.6544558404558404 0.044528605962933114 0.010264957264957266
3 0.3985414987912973 0.6658005698005698 0.07115229653505238 0.010857549857549857
1 0.49018533440773576 0.6658717948717949 0.25401289282836426 0.012165242165242167
2 0.5936623690572119 0.6672193732193732 0.04213940370668816 0.009951566951566952
1 0.48981466559226433 0.6791880341880341 0.25226430298146657 0.011851851851851853
3 0.4080942788074134 0.6793475783475784 0.08825946817082998 0.009715099715099715
2 0.5937550362610798 0.6806296296296297 0.04443593875906527 0.009433048433048433
2 0.26792103142626916 0.1910940170940171 0.050624496373892026 0.013415954415954418
3 0.08683722804190169 0.19127350427350429 0.09059226430298147 0.011732193732193733
1 0.16771958098307815 0.19147008547008545 0.2538436744560838 0.012803418803418802
3 0.3866277195809831 0.19217948717948716 0.04344077356970185 0.009686609686609686
1 0.49122481869460116 0.1926866096866097 0.254085414987913 0.013817663817663818
2 0.5913336019339243 0.19348148148148148 0.050132957292506046 0.010735042735042735
1 0.16767123287671234 0.20382905982905986 0.25274778404512493 0.010581196581196581
3 0.08765914585012087 0.20440455840455843 0.09342868654311039 0.011245014245014244
2 0.26858178887993556 0.2045270655270655 0.051240934730056406 0.011957264957264957
3 0.3878485092667204 0.20543874643874646 0.044685737308622075 0.012527065527065527
1 0.4912046736502821 0.20546723646723647 0.2540451248992748 0.012438746438746437
2 0.5918936341659952 0.20653561253561256 0.049846897663174856 0.009512820512820513
1 0.1670427074939565 0.21722222222222223 0.2524979854955681 0.012547008547008546
2 0.2683199033037873 0.21789458689458688 0.050012087026591455 0.01086039886039886
3 0.06383561643835617 0.21807122507122506 0.04432312651087832 0.013472934472934473
1 0.49195004029008865 0.2185754985754986 0.2535253827558421 0.013125356125356126
3 0.3874012892828364 0.21913960113960113 0.044387590652699434 0.012014245014245015
2 0.5921837228041902 0.21922222222222223 0.05183722804190169 0.010532763532763532
1 0.16837630942788076 0.22947578347578348 0.2531547139403707 0.013717948717948717
3 0.06336019339242546 0.23014245014245013 0.04465753424657534 0.011911680911680912
2 0.26770749395648674 0.23112250712250712 0.05020145044319097 0.010475783475783478
1 0.4915068493150685 0.2316182336182336 0.2546454472199839 0.012974358974358974
3 0.38798952457695407 0.23195726495726496 0.044738114423851734 0.01266951566951567
2 0.596317485898469 0.23319373219373218 0.04393231265108784 0.010646723646723645
1 0.1651248992747784 0.24277207977207976 0.2567324738114424 0.013643874643874645
3 0.06318694601128123 0.24325925925925926 0.045 0.012153846153846152
3 0.38201450443190976 0.24433618233618234 0.03396051571313457 0.009903133903133902
2 0.2679290894439968 0.24435327635327633 0.04993956486704271 0.0105982905982906
1 0.49124899274778405 0.24443304843304844 0.2542667203867849 0.012447293447293447
2 0.5958662369057213 0.24594586894586895 0.041627719580983075 0.0108005698005698
3 0.09730056406124094 0.2561965811965812 0.1119822723609992 0.010353276353276354
1 0.16668815471394038 0.2568005698005698 0.25579371474617246 0.012287749287749289
2 0.271651893634166 0.25756695156695153 0.042622884770346495 0.010188034188034188
3 0.057506043513295725 0.2687720797720798 0.03302175664786462 0.00927920227920228
1 0.16778001611603546 0.2698062678062678 0.2534246575342466 0.012752136752136751
2 0.2715551974214343 0.27113960113960117 0.04313053988718775 0.009002849002849003