2 0.3923368251410153 0.29079202279202276 0.03182111200644642 0.010216524216524216
1 0.32344480257856567 0.29096581196581195 0.17219580983078162 0.013145299145299145
3 0.0780177276390008 0.2910598290598291 0.04772360999194198 0.008279202279202279
2 0.1641176470588235 0.2911623931623932 0.030092667203867846 0.009273504273504273
1 0.1160958904109589 0.2918233618233618 0.12954069298952456 0.012515669515669516
3 0.2841901692183723 0.2919088319088319 0.0895447219983884 0.009028490028490028
3 0.4984649476228848 0.2924472934472935 0.06031829170024174 0.008678062678062677
2 0.5745850120870265 0.2926011396011396 0.0303303787268332 0.007672364672364673
1 0.52941982272361 0.2928034188034188 0.1248952457695407 0.012017094017094016
3 0.2945245769540693 0.30424501424501427 0.11021353746978244 0.009017094017094017
1 0.3255922643029815 0.30435042735042733 0.17512892828364224 0.01205128205128205
1 0.13473408541498794 0.3044444444444444 0.16570910556003224 0.01127920227920228
2 0.3934206285253828 0.30481766381766384 0.030024174053182917 0.009139601139601139
2 0.20213940370668815 0.304977207977208 0.02612006446414182 0.008897435897435897
3 0.0938195004029009 0.30528774928774927 0.07730862207896858 0.009678062678062678
2 0.5745205479452055 0.30752706552706555 0.030991136180499597 0.008954415954415955
1 0.528058017727639 0.3087150997150997 0.1289685737308622 0.010213675213675215
3 0.4822522159548751 0.3092079772079772 0.033259468170829976 0.010398860398860399
2 0.39246575342465756 0.3178632478632479 0.030491539081385983 0.009464387464387464
3 0.29625302175664786 0.31824786324786325 0.11434730056406124 0.009498575498575499
2 0.20190572119258662 0.3184928774928775 0.03040692989524577 0.010723646723646724
1 0.1362812248186946 0.31898005698005694 0.16608380338436746 0.01056980056980057
3 0.09294520547945205 0.3193846153846154 0.07959307010475423 0.009396011396011395
1 0.3253263497179694 0.3223019943019943 0.17595487510072524 0.021054131054131054
2 0.5750765511684125 0.32305413105413106 0.03289685737308622 0.009763532763532765
3 0.4842264302981466 0.32492022792022796 0.032510072522159546 0.011923076923076923
1 0.5318493150684931 0.325034188034188 0.13246978243352137 0.01595156695156695
0 0.2878525382755842 0.3285954415954416 0.09639806607574536 0.009572649572649573
2 0.572792103142627 0.3657777777777778 0.02674456083803384 0.008943019943019943
3 0.4957896857373086 0.3664102564102564 0.056309427880741336 0.00947008547008547
1 0.5279975825946817 0.37135897435897436 0.12610394842868655 0.024048433048433047
0 0.5250926672038678 0.37687179487179484 0.11663980660757453 0.011242165242165243
2 0.41933118452860596 0.37827350427350426 0.026394037066881548 0.00984900284900285
3 0.2990934730056406 0.37854131054131057 0.10995970991136181 0.009524216524216525
1 0.3424012892828364 0.3794358974358974 0.19516116035455278 0.01233903133903134
2 0.15953263497179693 0.37983760683760687 0.027252215954875102 0.007934472934472935
3 0.09472602739726028 0.3799173789173789 0.08382755842062853 0.009424501424501424
1 0.13608380338436743 0.3807606837606838 0.1684045124899275 0.014991452991452991
2 0.5724617244157937 0.3889002849002849 0.026083803384367443 0.008698005698005698
3 0.49607171635777597 0.3896894586894587 0.05620467365028203 0.009034188034188035
2 0.4194238517324738 0.39398005698005695 0.026575342465753424 0.009333333333333332
3 0.29868654311039483 0.3942051282051282 0.1071313456889605 0.008575498575498577
1 0.34100725221595485 0.39552991452991454 0.193638195004029 0.011794871794871795
1 0.5281627719580984 0.3965213675213675 0.12626913779210314 0.02554985754985755
2 0.1604552780016116 0.39745299145299146 0.025136986301369863 0.008994301994301995
3 0.09307010475423046 0.39762393162393167 0.07917002417405318 0.01066951566951567
1 0.1362610797743755 0.3978803418803419 0.16740128928283643 0.009837606837606839
0 0.5252538275584206 0.4006837606837607 0.11573327961321515 0.01011965811965812
2 0.41872683319903303 0.4097150997150997 0.02677276390008058 0.009435897435897435
3 0.3184165995165189 0.4101709401709402 0.1465914585012087 0.008706552706552706
1 0.3410153102336825 0.4106695156695157 0.19375100725221595 0.011396011396011397
2 0.16107171635777598 0.41180056980056984 0.027163577759871074 0.009683760683760685
3 0.09699838839645447 0.4123960113960114 0.08769540692989525 0.008883190883190882
1 0.13672441579371475 0.4196410256410257 0.1737630942788074 0.025495726495726494
2 0.41968976631748595 0.4246153846153846 0.02869460112812248 0.010663817663817663
0 0.13380741337630944 0.4247635327635328 0.1662207896857373 0.01562962962962963
1 0.3433722804190169 0.42658974358974355 0.2011764705882353 0.01152991452991453
3 0.3196897663174859 0.42661823361823364 0.14981063658340046 0.009797720797720798
1 0.5284528605962933 0.429974358974359 0.12295729250604352 0.013495726495726494
2 0.5715431103948428 0.4308461538461538 0.026623690572119257 0.00911965811965812
3 0.5051410153102337 0.4308518518518518 0.07702659145850121 0.007826210826210826
2 0.5726591458501208 0.44325925925925924 0.025684931506849314 0.00874074074074074
3 0.5090209508460919 0.44393732193732194 0.08278001611603546 0.009789173789173789
1 0.5283642224012893 0.44484900284900286 0.12586623690572118 0.015364672364672365
2 0.18327558420628526 0.46862678062678065 0.02879935535858179 0.010743589743589743
1 0.32385173247381144 0.4690997150997151 0.17437147461724417 0.01392022792022792
1 0.12836422240128928 0.4696723646723647 0.13937147461724417 0.012977207977207977
3 0.1047139403706688 0.4697948717948718 0.0890290088638195 0.009772079772079771
3 0.2648509266720387 0.4698433048433049 0.05087026591458502 0.011290598290598291
2 0.3936744560838034 0.4703960113960114 0.027365028203062046 0.00923931623931624
1 0.32246172441579374 0.4821310541310541 0.16751007252215955 0.012125356125356127
1 0.13056809024979854 0.4822022792022792 0.14514101531023368 0.01205128205128205
2 0.18428686543110395 0.4824074074074074 0.028436744560838032 0.008615384615384615
3 0.10938356164383561 0.48256410256410254 0.09971394037066882 0.009202279202279201
3 0.3012570507655117 0.4826011396011396 0.12368251410153103 0.009276353276353276
2 0.3948509266720387 0.48301709401709403 0.02813053988718775 0.00815099715099715
1 0.32475825946817083 0.483059829059829 0.1721071716357776 0.011096866096866097
0 0.1120870265914585 0.4953048433048433 0.03291700241740532 0.007863247863247864
3 0.07707896857373087 0.4955156695156695 0.033090249798549555 0.009948717948717949
3 0.2718372280419017 0.49642450142450145 0.06282836422240129 0.009868945868945869
2 0.1840894439967768 0.4968034188034188 0.028049959709911365 0.008837606837606838
1 0.13034246575342465 0.496974358974359 0.1495688960515713 0.013031339031339031
2 0.3944681708299759 0.4972507122507122 0.026571313456889605 0.008615384615384615
1 0.325870265914585 0.49767236467236464 0.17296535052377116 0.014381766381766381
2 0.183593875906527 0.5097663817663818 0.02705479452054795 0.008433048433048434
3 0.2680983078162772 0.5098547008547009 0.058037872683319905 0.009672364672364674
1 0.13051168412570507 0.5100370370370371 0.14403303787268332 0.012153846153846152
0 0.10767123287671233 0.5102934472934473 0.027780016116035457 0.007370370370370371
3 0.07668815471394037 0.5103190883190883 0.03230862207896857 0.009655270655270656
1 0.3242506043513296 0.5108091168091168 0.17380741337630942 0.01182905982905983
2 0.39484286865431106 0.5111168091168091 0.02732473811442385 0.0089002849002849
3 0.11095890410958903 0.5229572649572649 0.1062207896857373 0.008353276353276354
2 0.39315068493150684 0.523105413105413 0.026317485898468974 0.009347578347578349
1 0.1281587429492345 0.5231851851851852 0.14315874294923447 0.011991452991452992
2 0.18422240128928283 0.5232905982905983 0.02673247381144238 0.008598290598290597
3 0.29222401289282834 0.5236296296296297 0.10360596293311844 0.010643874643874644
1 0.3239887187751813 0.5284102564102564 0.17319097502014505 0.020222222222222225
0 0.30169621273166797 0.5335270655270655 0.12408541498791298 0.008572649572649572
2 0.18630539887187753 0.5343390313390314 0.03168412570507655 0.009407407407407408
1 0.1310797743755036 0.5344301994301994 0.15160354552780014 0.008182336182336183
3 0.0804351329572925 0.5347834757834757 0.045177276390008056 0.009695156695156696
2 0.5650765511684126 0.13143874643874645 0.026361804995970992 0.008
3 0.37421434327155517 0.1314985754985755 0.10151087832393231 0.009706552706552707
1 0.4534125705076551 0.13587179487179488 0.2609347300564061 0.021937321937321938
3 0.1451248992747784 0.13992592592592593 0.17522159548751007 0.008834757834757834
2 0.2659024979854956 0.14011965811965812 0.02927880741337631 0.0108005698005698
1 0.17097904915390813 0.14026495726495727 0.23140612409347303 0.01150997150997151
0 0.42072925060435135 0.1416011396011396 0.19350523771152295 0.00988034188034188
2 0.5688154713940371 0.15279202279202278 0.033839645447219985 0.008133903133903135
3 0.418795326349718 0.15303703703703703 0.19015310233682514 0.009777777777777778
1 0.4553021756647864 0.1532193732193732 0.2651974214343272 0.010618233618233618
2 0.2696011281224819 0.15488319088319089 0.036676067687348914 0.010076923076923075
3 0.14833601933924256 0.15584330484330483 0.1823126510878324 0.011236467236467236
1 0.17281224818694602 0.1657094017094017 0.23370668815471393 0.032615384615384616
2 0.5669460112812249 0.1668233618233618 0.030104754230459305 0.00762962962962963
3 0.3519742143432716 0.1674957264957265 0.05650684931506849 0.008547008547008548
0 0.1540088638195004 0.17163247863247863 0.1967767929089444 0.01858119658119658
1 0.4557655116841257 0.1720883190883191 0.2655882352941177 0.021353276353276354
0 0.4026430298146656 0.17734757834757836 0.1597945205479452 0.009122507122507123
1 0.4547058823529411 0.18727065527065528 0.26232473811442386 0.01331908831908832
2 0.2653908138597905 0.1887863247863248 0.0298348106365834 0.010102564102564103
2 0.5672320709105559 0.18913960113960113 0.029887187751813055 0.008572649572649572
1 0.16978243352135375 0.18915384615384614 0.22629331184528606 0.011284900284900284
3 0.42928686543110395 0.18918233618233618 0.2080217566478646 0.010378917378917378
3 0.1459468170829976 0.18943304843304842 0.1775382755842063 0.009592592592592594
1 0.4545688960515713 0.2008774928774929 0.2632393231265109 0.010712250712250713
2 0.5674697824335214 0.202008547008547 0.030358581788879933 0.008541310541310541
2 0.2670588235294118 0.20215099715099713 0.0292143432715552 0.008267806267806268
3 0.3532433521353747 0.2024786324786325 0.06061240934730056 0.00976923076923077
0 0.43665995165189364 0.20272649572649573 0.10473408541498791 0.00939031339031339
1 0.17205479452054795 0.20276068376068376 0.2308380338436745 0.01241880341880342
3 0.11778404512489926 0.20375783475783477 0.1218815471394037 0.009766381766381766
1 0.17045930701047543 0.21626495726495729 0.22764302981466558 0.013082621082621083
2 0.26657534246575343 0.21664387464387463 0.030620467365028204 0.009806267806267806
2 0.567187751813054 0.21664957264957266 0.030584206285253827 0.008133903133903135
3 0.14366639806607573 0.2169287749287749 0.17364625302175665 0.009527065527065526
3 0.39697824335213533 0.217002849002849 0.14651490733279612 0.009042735042735043
1 0.4547743755036261 0.21706552706552706 0.2648912167606769 0.01116809116809117
2 0.26707493956486705 0.2295925925925926 0.030825946817083 0.010492877492877492
1 0.17054794520547945 0.22961823361823364 0.22782030620467367 0.01439031339031339
2 0.5649637389202257 0.22980056980056981 0.025346494762288476 0.008672364672364673
3 0.3874053182917002 0.23027065527065527 0.12529411764705883 0.009843304843304843
3 0.14313053988718774 0.2302905982905983 0.17190572119258662 0.009672364672364674
1 0.4528767123287671 0.23065527065527067 0.25850523771152295 0.013584045584045584
2 0.3932393231265109 0.276037037037037 0.031248992747784046 0.010398860398860399
2 0.5744641418211119 0.27680056980056983 0.03008460918614021 0.008561253561253562
3 0.2877034649476229 0.2773304843304843 0.09590652699435938 0.009299145299145299
1 0.5287590652699437 0.2775270655270655 0.12900483481063657 0.013168091168091168
3 0.49543916196615634 0.2776980056980057 0.05628525382755842 0.010037037037037035
1 0.32564061240934733 0.2777264957264957 0.17387187751813055 0.014527065527065527
3 0.08122884770346496 0.2778205128205128 0.054141821112006445 0.008381766381766383
1 0.11491941982272362 0.27796581196581194 0.127433521353747 0.011162393162393163
2 0.16261079774375506 0.27823931623931625 0.027868654311039485 0.009196581196581196