3 0.25099919419822725 0.10611111111111111 0.05690572119258663 0.010045584045584045
3 0.05383561643835617 0.10652136752136752 0.055600322320709106 0.00894017094017094
2 0.3710838033843674 0.1071965811965812 0.03294117647058824 0.010287749287749287
2 0.17553988718775182 0.10724786324786324 0.032151490733279615 0.01039031339031339
1 0.30558017727639003 0.11205413105413105 0.16606365834004835 0.02192877492877493
1 0.10954875100725221 0.11278062678062678 0.1688436744560838 0.02402279202279202
0 0.07742546333601934 0.11850142450142451 0.10459307010475424 0.007868945868945869
0 0.27375100725221596 0.11858974358974358 0.10331184528605963 0.00996866096866097
2 0.17216760676873488 0.13466666666666666 0.029947622884770347 0.008746438746438746
3 0.05872280419016922 0.13470370370370371 0.0662812248186946 0.010105413105413106
3 0.253460918614021 0.13482051282051283 0.0654552780016116 0.008413105413105413
2 0.37123690572119256 0.13496296296296298 0.031430298146655926 0.009980056980056981
1 0.3039887187751813 0.139997150997151 0.1656043513295729 0.02133048433048433
1 0.10610797743755036 0.14027350427350427 0.16377518130539886 0.022527065527065526
0 0.2743795326349718 0.14674074074074073 0.10547945205479453 0.007222222222222223
0 0.07821917808219178 0.1471851851851852 0.10890813859790492 0.008754985754985754