3 0.7259468170829976 0.0790940170940171 0.14581788879935537 0.013330484330484331
3 0.4661764705882353 0.08125925925925927 0.2006406124093473 0.024082621082621082
3 0.20468170829975826 0.08664672364672364 0.06141418211120065 0.02476923076923077
1 0.4655197421434327 0.10871794871794872 0.20580177276390008 0.08175213675213674
1 0.7257131345688961 0.10901994301994303 0.16939161966156327 0.07754415954415955
0 0.726248992747784 0.10918233618233619 0.16846091861402096 0.04508831908831908
1 0.21038275584206284 0.11005413105413106 0.17653908138597907 0.07617094017094017
0 0.20577759871071716 0.11271509971509971 0.16344077356970185 0.019148148148148147
0 0.46339645447219985 0.11381766381766381 0.18153908138597905 0.03529344729344729
2 0.20541901692183723 0.14077207977207978 0.052522159548751016 0.012920227920227921
2 0.7288879935535858 0.140985754985755 0.04927477840451249 0.011515669515669517
2 0.45819500402900887 0.14234757834757836 0.04983078162771958 0.01331908831908832
2 0.8224697824335213 0.1668974358974359 0.04973811442385173 0.01474928774928775
3 0.7388960515713134 0.17282621082621083 0.14189363416599518 0.030273504273504274
3 0.5625302175664787 0.17285185185185187 0.1521917808219178 0.02482051282051282
3 0.36765511684125707 0.17803703703703702 0.09564464141821112 0.03702564102564103
3 0.17442788074133764 0.18655270655270653 0.11240934730056407 0.03663532763532763
1 0.7576430298146656 0.19195441595441595 0.18327558420628526 0.07035897435897435
0 0.742365028203062 0.20754131054131056 0.1475382755842063 0.03552706552706553
1 0.36927880741337626 0.22110541310541312 0.14037872683319905 0.12958119658119657
1 0.5632191780821918 0.22258404558404557 0.1730177276390008 0.12887464387464387
1 0.17300161160354552 0.22384615384615386 0.1653062046736503 0.12039031339031339
0 0.5636462530217566 0.228980056980057 0.17127719580983078 0.08206837606837607
0 0.17615229653505238 0.2307122507122507 0.15475423045930703 0.04702849002849003
0 0.3680378726833199 0.23345868945868947 0.1353062046736503 0.06902564102564103
2 0.17226430298146655 0.2759316239316239 0.05232876712328767 0.015535612535612536
2 0.36788477034649475 0.27731623931623933 0.050725221595487514 0.014632478632478633
2 0.5464786462530217 0.27797150997150993 0.05007655116841257 0.012279202279202279