1 0.12007655116841257 0.04474074074074074 0.21066075745366641 0.011837606837606837
2 0.2092143432715552 0.04504843304843305 0.028714746172441578 0.0077777777777777776
3 0.04788477034649476 0.04556695156695156 0.06103142626913779 0.008817663817663817
2 0.2084850926672039 0.05732763532763533 0.028896051571313457 0.009145299145299145
1 0.12012892828364223 0.05771225071225071 0.2095044319097502 0.011900284900284901
3 0.07058420628525383 0.05875213675213675 0.1072522159548751 0.00968091168091168
2 0.20847300564061239 0.06973504273504273 0.028049959709911365 0.008455840455840457
1 0.12071716357775987 0.07007122507122507 0.2106809024979855 0.00984900284900285
3 0.058690572119258655 0.07012535612535613 0.08265108783239322 0.00807977207977208
2 0.20526188557614827 0.08171509971509971 0.037207896857373086 0.008649572649572649
3 0.07734085414987914 0.08266666666666668 0.11994762288477034 0.008811965811965812
1 0.1190088638195004 0.08973789173789175 0.20852135374697822 0.02776068376068376
0 0.09974214343271555 0.09656695156695157 0.16638597904915392 0.016903133903133902
2 0.20810636583400483 0.11099430199430199 0.028956486704270753 0.008074074074074074
3 0.057961321514907335 0.1113931623931624 0.0828283642224013 0.010028490028490029
1 0.12033843674456084 0.11474358974358974 0.20978243352135373 0.017538461538461537
0 0.07602739726027397 0.12017094017094017 0.11896051571313457 0.007296296296296296
2 0.20844077356970186 0.13160113960113962 0.02798952457695407 0.008128205128205128
3 0.07830378726833198 0.13181196581196583 0.1235132957292506 0.008552706552706553
1 0.12080177276390007 0.13192022792022792 0.20706688154713943 0.011282051282051283
3 0.0711361804995971 0.14418233618233617 0.10835616438356165 0.009524216524216525
1 0.1206607574536664 0.14442165242165242 0.20804190169218373 0.010404558404558405
2 0.20870668815471394 0.14458119658119659 0.027699435938759065 0.008
2 0.20852538275584204 0.15597150997151 0.02897663174858985 0.008173789173789175
3 0.07313053988718775 0.15666951566951567 0.11317082997582593 0.010148148148148147
1 0.11908138597904916 0.16499715099715098 0.20740531829170022 0.02656125356125356
0 0.08670427074939564 0.16997150997150998 0.1403102336825141 0.015301994301994302
2 0.20530620467365027 0.18478632478632478 0.03483078162771958 0.009572649572649573
3 0.06307413376309429 0.1854985754985755 0.09223609991941982 0.010413105413105412
1 0.11959709911361804 0.1973988603988604 0.20591861402095082 0.036034188034188036
0 0.11823529411764705 0.20230769230769233 0.2017365028203062 0.023746438746438746
2 0.20854955680902498 0.21952991452991452 0.025741337630942787 0.009492877492877493
1 0.12468573730862209 0.21995156695156695 0.19589846897663177 0.013316239316239317
3 0.0704351329572925 0.21998290598290599 0.06678887993553587 0.009820512820512821