3 0.10656728444802578 0.2864871794871795 0.12684528605962933 0.00731908831908832
2 0.1882030620467365 0.2867777777777778 0.011502820306204673 0.006569800569800569
0 0.3569943593875906 0.28853561253561255 0.17757453666398065 0.013552706552706554
1 0.12175261885576148 0.29417378917378917 0.1572119258662369 0.024698005698005697
0 0.11848912167606768 0.2987806267806268 0.14963738920225625 0.013139601139601139
3 0.19467767929089444 0.3424957264957265 0.07451248992747785 0.007809116809116809
2 0.24852135374697826 0.34263247863247864 0.008420628525382756 0.0067492877492877495
1 0.23251410153102336 0.34932478632478636 0.15490330378726835 0.02413960113960114
0 0.23130539887187754 0.35482621082621085 0.1464423851732474 0.012521367521367522
3 0.1920910556003223 0.3723304843304844 0.06839645447219983 0.006706552706552706
2 0.24058823529411763 0.37258974358974356 0.006724415793714747 0.005891737891737892
1 0.23774778404512492 0.37784900284900286 0.16159951651893634 0.017743589743589742
0 0.23643029814665595 0.3806381766381766 0.15730459307010475 0.00688034188034188
2 0.4336663980660757 0.11905413105413105 0.012272360999194199 0.006373219373219373
3 0.34181708299758257 0.1194131054131054 0.14590249798549557 0.007754985754985754
2 0.19706688154713942 0.11986039886039886 0.009399677679290893 0.0066495726495726494
3 0.11218372280419017 0.12013960113960113 0.13807413376309427 0.006538461538461538
1 0.35530620467365026 0.12266666666666667 0.17477034649476228 0.0156011396011396
1 0.12452054794520548 0.12378917378917378 0.1665269943593876 0.01584045584045584
0 0.35017727639000806 0.12674074074074074 0.16209911361804996 0.006641025641025641
0 0.12238114423851733 0.12781766381766382 0.1598791297340854 0.0053276353276353276
2 0.40325946817082997 0.14182905982905983 0.012844480257856566 0.007176638176638177
3 0.3267767929089444 0.1423133903133903 0.11676470588235294 0.007478632478632479
3 0.08368654311039485 0.14256980056980056 0.08296937953263497 0.005985754985754987
2 0.141317485898469 0.14354700854700855 0.008404512489927478 0.007273504273504274
1 0.3448307816277196 0.1452991452991453 0.15193392425463337 0.01611965811965812
1 0.138883964544722 0.14745868945868948 0.19809024979854956 0.016433048433048433
0 0.34479049153908137 0.15031623931623933 0.15255842062852537 0.005638176638176638
0 0.13914182111200646 0.15097720797720796 0.19462127316680097 0.006096866096866096
2 0.3766156325543916 0.16485470085470086 0.01339242546333602 0.005814814814814815
3 0.31403706688154714 0.16493162393162392 0.09129331184528607 0.006635327635327635
2 0.1343190975020145 0.16568376068376067 0.007622884770346496 0.0054643874643874645
3 0.08042304593070106 0.16641595441595441 0.07549959709911361 0.006931623931623931
1 0.11441982272361 0.17017094017094017 0.14538275584206284 0.015774928774928774
1 0.3637187751813054 0.17232763532763534 0.189709911361805 0.024096866096866097
0 0.11480257856567284 0.17415669515669516 0.14348912167606767 0.005603988603988605
0 0.36258662369057215 0.17617948717948717 0.1869218372280419 0.014421652421652421
3 0.07995970991136181 0.1888831908831909 0.0755157131345689 0.007119658119658119
2 0.1373972602739726 0.1889059829059829 0.011897663174858986 0.005831908831908832
1 0.1089242546333602 0.1924245014245014 0.13155519742143432 0.014868945868945868
3 0.325825946817083 0.19477777777777777 0.11486301369863013 0.0068860398860398865
2 0.40119258662369056 0.19493732193732194 0.014383561643835618 0.005874643874643875
0 0.10795729250604351 0.19674358974358977 0.1310314262691378 0.005227920227920228
1 0.34216357775987105 0.20129344729344728 0.14942788074133762 0.021925925925925925
0 0.3412369057211926 0.20666096866096867 0.1448348106365834 0.012045584045584047
3 0.09612006446414181 0.21130484330484328 0.10689766317485898 0.007222222222222223
2 0.1677034649476229 0.21133333333333332 0.012062852538275584 0.006603988603988604
1 0.11441579371474618 0.2146153846153846 0.1463215149073328 0.015173789173789174
0 0.11433924254633361 0.21951851851851853 0.14379532634971795 0.0060911680911680905
2 0.4154754230459307 0.2248831908831909 0.011780821917808219 0.006997150997150997
3 0.3345648670427075 0.22521652421652422 0.13045124899274776 0.006327635327635328
1 0.34475825946817085 0.2285042735042735 0.15461724415793715 0.01623931623931624
0 0.3162449637389202 0.23272079772079773 0.09361804995970992 0.00647008547008547
3 0.090825946817083 0.2338860398860399 0.09724818694601128 0.006968660968660969
2 0.1574576954069299 0.23424501424501426 0.012207896857373087 0.005672364672364673
1 0.11129734085414988 0.2377207977207977 0.1400805801772764 0.015307692307692307
0 0.11052780016116034 0.2421937321937322 0.13739323126510877 0.00633048433048433
3 0.318392425463336 0.24755840455840455 0.09905721192586624 0.007598290598290599
2 0.3862127316680097 0.2476809116809117 0.011804995970991137 0.005840455840455841
1 0.3560596293311845 0.2550826210826211 0.1725020145044319 0.023985754985754986
2 0.17459307010475422 0.25704273504273506 0.011676067687348912 0.005863247863247862
3 0.09992747784045125 0.25713675213675213 0.11356567284448026 0.006056980056980058
0 0.35450040290088636 0.25908547008547006 0.1713658340048348 0.013512820512820514
1 0.11414585012087027 0.26444729344729345 0.1420024174053183 0.02134188034188034
0 0.10795729250604351 0.2686239316239316 0.12919016921837226 0.012635327635327636
2 0.3953505237711523 0.27712535612535616 0.012139403706688154 0.006632478632478633
3 0.32201047542304595 0.2771595441595442 0.10724012892828365 0.006028490028490028
1 0.35759871071716354 0.28420797720797725 0.18029814665592264 0.022794871794871795