2 0.19205479452054794 0.03666666666666667 0.008473005640612409 0.002678062678062678
3 0.04190975020145044 0.03672079772079772 0.028545527800161157 0.0021538461538461538
2 0.09932312651087832 0.03682621082621083 0.008058017727639 0.0023646723646723647
3 0.13069298952457695 0.03683190883190883 0.019717969379532633 0.003008547008547009
1 0.15856970185334407 0.03915954415954415 0.07636986301369864 0.008615384615384615
1 0.06593473005640613 0.03949002849002849 0.07659548751007253 0.007689458689458689
0 0.1586140209508461 0.04142165242165242 0.0755600322320709 0.003319088319088319
0 0.06556406124093472 0.04161823361823362 0.0749597099113618 0.0037122507122507122
3 0.044778404512489926 0.05204273504273504 0.034730056406124095 0.0033361823361823363
2 0.09947219983883963 0.052293447293447294 0.007461724415793715 0.0028860398860398864
2 0.19205479452054794 0.052501424501424504 0.008025785656728445 0.002353276353276353
3 0.13827961321514906 0.05250997150997151 0.034887187751813056 0.0029999999999999996
1 0.15871474617244158 0.05444444444444444 0.0771071716357776 0.007823361823361824
1 0.06627316680096697 0.05448433048433049 0.07726833199033038 0.009168091168091167
0 0.1584770346494762 0.05656125356125356 0.07574133763094279 0.003185185185185185
0 0.0653102336825141 0.056643874643874645 0.0762409347300564 0.003193732193732194
2 0.1923529411764706 0.06703703703703703 0.0072763900080580176 0.0022735042735042735
3 0.13240934730056406 0.06713105413105414 0.023601933924254633 0.002777777777777778
2 0.09875100725221596 0.06724501424501425 0.006909750201450442 0.0026866096866096866
3 0.03909750201450443 0.06741595441595441 0.02202256244963739 0.0030313390313390317
2 0.192522159548751 0.0070028490028490025 0.008066075745366639 0.0032364672364672362
2 0.09931103948428686 0.007017094017094017 0.008481063658340048 0.003262108262108262
1 0.06547139403706688 0.06960968660968661 0.07655922643029815 0.008051282051282051
1 0.15879532634971796 0.06961823361823362 0.07592264302981466 0.008706552706552706
3 0.131941982272361 0.007136752136752137 0.021321514907332795 0.003188034188034188
3 0.03973005640612409 0.0071509971509971515 0.02330378726833199 0.0030598290598290597
0 0.06508863819500403 0.07155270655270655 0.07624899274778404 0.0027492877492877495
0 0.15865028203062045 0.07156980056980057 0.07607977437550363 0.0027834757834757835
2 0.1925423045930701 0.08205698005698005 0.007207896857373087 0.00252991452991453
3 0.044850926672038674 0.08228774928774929 0.03308219178082192 0.0033105413105413103
2 0.09928283642224012 0.0822962962962963 0.00863819500402901 0.0026894586894586894
3 0.13935132957292506 0.08239886039886041 0.03748992747784045 0.0032136752136752134
1 0.06544721998388396 0.08443304843304844 0.07651893634165995 0.008236467236467237
1 0.1597340854149879 0.08446153846153845 0.07780016116035456 0.008609686609686609
0 0.15910556003223206 0.08671509971509972 0.0765471394037067 0.002974358974358974
0 0.06600725221595488 0.08674074074074073 0.07584206285253828 0.0030256410256410252
1 0.06544319097502015 0.009407407407407408 0.07651087832393232 0.008675213675213674
1 0.15865431103948427 0.009535612535612536 0.07698630136986302 0.008934472934472934
0 0.06521353746978244 0.01146153846153846 0.07470588235294118 0.0028233618233618235
0 0.15853746978243352 0.011797720797720797 0.07585817888799355 0.0029999999999999996
2 0.09924254633360192 0.021854700854700853 0.007896857373086222 0.002837606837606838
2 0.19203062046736502 0.021940170940170943 0.007082997582594681 0.003008547008547009
3 0.14002417405318293 0.022145299145299148 0.03838436744560838 0.0031025641025641025
3 0.04556809024979855 0.022202279202279206 0.03541095890410959 0.0029002849002849004
1 0.1581426269137792 0.02415099715099715 0.07595890410958904 0.008062678062678063
1 0.0658904109589041 0.024535612535612535 0.07740128928283643 0.007883190883190883
0 0.06537872683319904 0.026643874643874643 0.07503626107977437 0.0022763532763532763
0 0.1583722804190169 0.02686894586894587 0.07508058017727638 0.0027264957264957266