2 0.28767526188557613 0.04186894586894587 0.014625302175664785 0.004831908831908832
3 0.1901248992747784 0.04208831908831909 0.053702659145850117 0.0054245014245014244
1 0.22982272360999192 0.04439316239316239 0.13399274778404513 0.010478632478632479
0 0.2271313456889605 0.04687464387464387 0.1288074133763094 0.00503988603988604
3 0.1754754230459307 0.05453561253561253 0.026112006446414184 0.004877492877492878
2 0.28780016116035456 0.054655270655270656 0.015507655116841258 0.004849002849002849
1 0.22944802578565673 0.057039886039886044 0.13414987912973408 0.01157834757834758
0 0.20244560838033845 0.059603988603988606 0.07854149879129733 0.005148148148148148
3 0.04248992747784045 0.06431908831908832 0.07411361804995971 0.005367521367521368
2 0.1245447219983884 0.06446153846153846 0.01876712328767123 0.005056980056980057
1 0.0700201450443191 0.06457549857549857 0.13152296535052377 0.007769230769230769
2 0.28782836422240127 0.0671139601139601 0.01556809024979855 0.004655270655270655
3 0.19629734085414988 0.06738176638176638 0.06647461724415794 0.005128205128205128
1 0.23091055600322322 0.06996581196581197 0.13617244157937147 0.011324786324786324
0 0.21624899274778406 0.07241880341880341 0.10614423851732474 0.004800569800569801
2 0.12416599516518936 0.07263532763532764 0.018013698630136986 0.004273504273504274
3 0.029242546333601932 0.07264957264957266 0.04590652699435939 0.0050626780626780625
1 0.06983883964544722 0.0773048433048433 0.12965753424657533 0.01520797720797721
2 0.28806607574536663 0.07964102564102565 0.01603948428686543 0.005054131054131054
3 0.18294923448831588 0.07971225071225072 0.03977437550362611 0.004652421652421652
0 0.061341659951651896 0.08031339031339031 0.11041901692183723 0.008547008547008548
1 0.2294359387590653 0.08466951566951567 0.13277598710717164 0.01558119658119658
0 0.21686946011281225 0.08688603988603989 0.10828364222401289 0.009652421652421653
2 0.12418614020950847 0.08948717948717949 0.018984689766317484 0.005358974358974359
3 0.030697018533440774 0.09018803418803419 0.050531829170024176 0.005612535612535613
1 0.07041901692183723 0.0944017094017094 0.13082191780821917 0.014415954415954417
2 0.2880419016921837 0.09694301994301993 0.01599516518936342 0.005581196581196581
3 0.1925825946817083 0.09724786324786325 0.058614020950846085 0.004584045584045584
0 0.04910958904109589 0.09728490028490029 0.08730056406124094 0.00858974358974359
1 0.2300604351329573 0.10201709401709401 0.13312248186946013 0.01494017094017094
0 0.21496776792908942 0.10454131054131054 0.10403303787268331 0.008849002849002849
3 0.04087429492344883 0.10678917378917378 0.07174053182917002 0.005190883190883191
2 0.1251208702659146 0.1073048433048433 0.01945205479452055 0.005746438746438747
1 0.07085012087026592 0.11153276353276353 0.13168412570507654 0.014754985754985754
2 0.2859750201450443 0.11405128205128205 0.019472199838839646 0.005273504273504274
0 0.05350523771152297 0.11427350427350429 0.09564464141821112 0.008663817663817663
3 0.18079774375503627 0.11462393162393161 0.03504834810636583 0.005418803418803419
1 0.22916196615632553 0.11940170940170941 0.13222401289282837 0.017239316239316238
0 0.21734488315874298 0.12213960113960114 0.10878726833199033 0.009376068376068376
3 0.030116841257050764 0.12403703703703704 0.049794520547945205 0.00486039886039886
2 0.1247904915390814 0.12417663817663818 0.018795326349717967 0.005230769230769231
1 0.06970588235294117 0.1288945868945869 0.13089443996776792 0.015025641025641027
0 0.05611200644641419 0.13104273504273503 0.10265108783239323 0.008937321937321937
3 0.03726430298146656 0.1412849002849003 0.0658058017727639 0.005128205128205128
2 0.12508058017727638 0.14154131054131056 0.01937550362610798 0.005364672364672364
1 0.07037469782433521 0.14616524216524215 0.13147864625302175 0.015643874643874643
0 0.06443996776792908 0.1487321937321937 0.11751410153102337 0.0081994301994302
1 0.2292586623690572 0.15242165242165243 0.1333239323126511 0.006883190883190883
2 0.2878041901692184 0.15276923076923077 0.013755036261079774 0.004196581196581197
3 0.2190692989524577 0.1527777777777778 0.11201853344077356 0.005398860398860399
2 0.12432312651087832 0.1586837606837607 0.018795326349717967 0.005717948717948718
3 0.04255036261079774 0.15869800569800568 0.07423851732473812 0.005723646723646724
1 0.2293996776792909 0.15958404558404557 0.134955680902498 0.006245014245014245
2 0.2882473811442385 0.15984900284900286 0.013839645447219984 0.004085470085470086
3 0.1823126510878324 0.16001994301994302 0.037219983883964546 0.005646723646723647
1 0.07012489927477841 0.16402279202279202 0.1302256244963739 0.016373219373219373
0 0.06396857373086222 0.16676638176638178 0.11746575342465754 0.009096866096866097
2 0.2881668009669621 0.1669059829059829 0.01394439967767929 0.0045042735042735045
1 0.22970185334407736 0.16706837606837605 0.13420628525382758 0.005612535612535613
3 0.1771031426269138 0.1671025641025641 0.028086220789685735 0.004965811965811966
2 0.28806607574536663 0.1744017094017094 0.013211120064464142 0.004085470085470086
3 0.19915793714746172 0.17443019943019944 0.07304995970991136 0.004780626780626781
1 0.22968170829975829 0.17458119658119658 0.13461724415793716 0.005678062678062678
2 0.2885334407735697 0.18143019943019945 0.014681708299758258 0.004441595441595441
3 0.19032634971796938 0.1814900284900285 0.055390813859790486 0.005575498575498576
1 0.22959709911361806 0.18176353276353277 0.13579774375503625 0.007307692307692308
3 0.19277598710717164 0.18874928774928776 0.060717163577759865 0.005250712250712251
2 0.28828364222401287 0.18907977207977206 0.013908138597904917 0.004333333333333334
1 0.22962530217566476 0.1890854700854701 0.13448831587429494 0.006672364672364673
3 0.04356970185334408 0.1953133903133903 0.07365028203062048 0.005054131054131054
1 0.07 0.19548717948717947 0.12773569701853346 0.005623931623931624
2 0.12616438356164383 0.19549572649572652 0.014089443996776793 0.004561253561253561
1 0.22966559226430297 0.19606267806267805 0.134129734085415 0.005666666666666667
2 0.2880378726833199 0.19620797720797722 0.013686543110394843 0.004131054131054131
3 0.18684931506849314 0.19627350427350426 0.046724415793714745 0.005156695156695157
3 0.02673247381144238 0.20021937321937322 0.04088638195004029 0.003658119658119658
1 0.0699798549556809 0.20030199430199427 0.12719178082191782 0.004276353276353276
2 0.1259911361804996 0.20035897435897435 0.014319097502014504 0.0038717948717948716
2 0.2879572925060435 0.20351566951566952 0.014065269943593875 0.004478632478632479
3 0.20143432715551973 0.2035982905982906 0.07674858984689767 0.004658119658119658
1 0.22994762288477036 0.2038233618233618 0.13470185334407736 0.00558974358974359
2 0.12419822723609991 0.20484900284900284 0.018001611603545527 0.003914529914529914
1 0.06984286865431104 0.20486894586894588 0.12691780821917809 0.004544159544159544
3 0.042042707493956485 0.20488034188034188 0.07064867042707494 0.0035925925925925925
2 0.288392425463336 0.21078347578347578 0.014125705076551169 0.004746438746438746
1 0.22968170829975829 0.2108803418803419 0.13506849315068495 0.007290598290598291
3 0.2086986301369863 0.21103703703703705 0.08999597099113618 0.005603988603988605
1 0.07000805801772764 0.21380626780626782 0.1263416599516519 0.00486039886039886
2 0.1260112812248187 0.214008547008547 0.013561643835616437 0.003968660968660969
3 0.05404109589041096 0.21425925925925923 0.0942143432715552 0.004478632478632479
2 0.1258904109589041 0.21869230769230769 0.013851732473811443 0.0036324786324786326
1 0.07029008863819501 0.21872649572649575 0.12690975020145046 0.00388034188034188
3 0.027115229653505237 0.21896581196581197 0.04122078968573731 0.0032877492877492875
3 0.21704270749395652 0.22161823361823363 0.10711120064464143 0.011928774928774928
1 0.2304552780016116 0.22184900284900286 0.1347502014504432 0.013541310541310542
2 0.12621273166800967 0.22323931623931625 0.014226430298146657 0.003977207977207978
3 0.041825141015310235 0.22366381766381765 0.06979049153908139 0.0039031339031339028
1 0.07031829170024174 0.22371509971509973 0.12696615632554392 0.004623931623931624
2 0.28800564061240935 0.22516524216524217 0.014431909750201451 0.004404558404558404
3 0.027908944399677678 0.2325299145299145 0.04290088638195004 0.00505982905982906
1 0.06968573730862208 0.23422792022792022 0.12659951651893636 0.009735042735042736
3 0.20920225624496375 0.2344074074074074 0.09099919419822725 0.005401709401709402
2 0.2881426269137792 0.23447008547008547 0.014170024174053183 0.004367521367521368
1 0.23060838033843675 0.23477207977207976 0.13422240128928284 0.006367521367521368
2 0.1262812248186946 0.23670655270655272 0.013287671232876712 0.0044643874643874645
0 0.0472522159548751 0.23729629629629628 0.0817969379532635 0.0037834757834757835
2 0.12614423851732473 0.24144159544159546 0.014093473005640612 0.0038518518518518515
1 0.07010878323932312 0.2415840455840456 0.12654311039484287 0.004535612535612536
3 0.03190169218372281 0.24178347578347578 0.05073327961321515 0.0036723646723646726
2 0.2880499597099114 0.24236182336182338 0.01452054794520548 0.003977207977207978
3 0.21087026591458502 0.2425356125356125 0.09434730056406124 0.005487179487179488
1 0.22945608380338436 0.24268091168091166 0.13371474617244158 0.00562962962962963
2 0.12597502014504433 0.2460655270655271 0.014024979854955683 0.003971509971509971
1 0.07006446414182112 0.24616809116809116 0.12744963738920226 0.004270655270655271
3 0.05235294117647059 0.2466039886039886 0.09084206285253828 0.004048433048433049
1 0.2291136180499597 0.25361823361823366 0.13348106365834006 0.011592592592592592
3 0.20875503626107977 0.25367806267806264 0.0926470588235294 0.01062962962962963
3 0.02726833199033038 0.25507122507122504 0.04098710717163578 0.004407407407407408
2 0.12656728444802579 0.2552108262108262 0.013327961321514906 0.003786324786324786
1 0.07056003223207091 0.25523361823361823 0.12699838839645447 0.004629629629629629
2 0.28809427880741334 0.2565811965811966 0.013799355358581789 0.004455840455840456
3 0.036394037066881546 0.2641168091168091 0.059238517324738116 0.004566951566951567
2 0.1265874294923449 0.2641851851851852 0.013904109589041095 0.00405982905982906
1 0.07020145044319098 0.26425925925925925 0.1285334407735697 0.004857549857549858
1 0.229955680902498 0.26475783475783476 0.13381144238517326 0.005851851851851852
2 0.28817082997582594 0.26476353276353276 0.01395648670427075 0.004455840455840456
3 0.19804593070104753 0.2648689458689459 0.0706003223207091 0.004726495726495726