1 0.08131748589846899 0.03332763532763533 0.09945205479452054 0.01656980056980057
1 0.19410556003223206 0.037529914529914526 0.10224818694601129 0.02968660968660969
2 0.12478646253021758 0.04748148148148148 0.012042707493956487 0.005068376068376068
1 0.08182917002417404 0.050005698005698006 0.10047945205479451 0.010541310541310541
2 0.23608380338436746 0.05632763532763533 0.01185737308622079 0.005638176638176638
2 0.12469782433521354 0.061413105413105414 0.010656728444802577 0.005532763532763533
1 0.19372683319903303 0.0648005698005698 0.10089041095890411 0.022156695156695154
1 0.08101531023368252 0.0673960113960114 0.09945205479452054 0.01664102564102564
2 0.2367566478646253 0.08018233618233618 0.010777598710717163 0.005401709401709402
2 0.12459307010475423 0.08188034188034188 0.011655922643029814 0.005800569800569801
1 0.08243352135374697 0.08493162393162394 0.10168815471394037 0.011475783475783477
1 0.19209508460918612 0.08845299145299146 0.10125302175664787 0.022797720797720796
2 0.12465753424657533 0.09642165242165242 0.012389202256244963 0.005772079772079773
1 0.08100725221595488 0.10211965811965812 0.10125705076551168 0.017168091168091166
2 0.12468573730862209 0.1161965811965812 0.011232876712328766 0.004658119658119658
1 0.08104754230459307 0.12237891737891739 0.09952054794520547 0.017447293447293448
2 0.2366881547139404 0.125977207977208 0.010036261079774376 0.005381766381766382
1 0.1927034649476229 0.13406267806267808 0.10004834810636583 0.022837606837606838
2 0.12439967767929089 0.13753561253561253 0.012477840451248992 0.00580911680911681
1 0.08107977437550364 0.14575213675213675 0.09898066075745367 0.022245014245014245
2 0.23676067687348912 0.15035042735042736 0.01200241740531829 0.005754985754985755
1 0.1965672844480258 0.15333333333333335 0.10656325543916197 0.013005698005698006
2 0.2370386784850927 0.16384900284900286 0.011345688960515713 0.006210826210826211
2 0.12504834810636584 0.16425356125356125 0.010749395648670427 0.0053076923076923075
1 0.0812167606768735 0.17004273504273504 0.09925060435132957 0.01774074074074074
1 0.19296132151490733 0.17135042735042735 0.10056406124093473 0.022498575498575497
2 0.12517324738114424 0.18557549857549857 0.010394842868654311 0.0055726495726495726
1 0.08145447219983884 0.18864672364672364 0.10033440773569702 0.012145299145299146
2 0.12483883964544723 0.20084330484330484 0.010934730056406125 0.004857549857549858
1 0.08067687348912168 0.2065982905982906 0.0993835616438356 0.016794871794871796
2 0.23952860596293313 0.21003133903133905 0.010874294923448831 0.005683760683760684
1 0.19577356970185336 0.21304843304843304 0.09952860596293311 0.013002849002849003
2 0.12540692989524577 0.2221709401709402 0.011470588235294118 0.005561253561253561
2 0.23965753424657535 0.2234928774928775 0.011736502820306204 0.005638176638176638
1 0.08112812248186947 0.2281139601139601 0.09907332796132151 0.0183019943019943
1 0.19542304593070106 0.2285925925925926 0.10004431909750201 0.01754985754985755
2 0.23659145850120872 0.027911680911680913 0.012268331990330379 0.006592592592592593
2 0.12670427074939566 0.02815954415954416 0.008609991941982273 0.004948717948717949