3 0.24931103948428684 0.3204843304843305 0.13478243352135374 0.008988603988603988
0 0.2506204673650282 0.32928490028490026 0.21732876712328766 0.009125356125356126
1 0.24970588235294117 0.3322564102564103 0.2184085414987913 0.03150712250712251
2 0.24977437550362613 0.3397977207977208 0.03253021756647864 0.009598290598290598
3 0.24869057211925866 0.3581310541310541 0.15970185334407735 0.009267806267806268
1 0.24887590652699437 0.3627806267806267 0.16588235294117648 0.023706552706552704
2 0.2510878323932313 0.3685754985754986 0.029347300564061242 0.009606837606837606
3 0.24813456889605157 0.3857948717948718 0.10045527800161161 0.009108262108262108
0 0.24960112812248186 0.39574358974358975 0.2603424657534246 0.010507122507122508
1 0.24856567284448028 0.39705982905982906 0.25997179693795325 0.030065527065527065
2 0.25036261079774375 0.40631054131054134 0.03459307010475423 0.01049002849002849
3 0.24946011281224817 0.058720797720797725 0.10020145044319097 0.009544159544159544
1 0.24987107171635775 0.06817948717948719 0.10684125705076551 0.02949002849002849
0 0.25043513295729253 0.06822792022792022 0.0745447219983884 0.010059829059829061
2 0.25002820306204676 0.07821937321937322 0.028678485092667207 0.01052136752136752
3 0.24930298146655921 0.10511111111111111 0.14639000805801772 0.008811965811965812
0 0.2508662369057212 0.11447863247863248 0.08592264302981466 0.00968091168091168
1 0.24873086220789686 0.11524501424501424 0.15251007252215953 0.031133903133903133
2 0.24904512489927477 0.12490598290598291 0.03398468976631748 0.010381766381766381
3 0.24896051571313454 0.14268660968660968 0.11228847703464948 0.009977207977207978
0 0.25004834810636584 0.1514843304843305 0.20455680902497986 0.008045584045584045
1 0.2504955680902498 0.152997150997151 0.2098106365834005 0.029566951566951567
2 0.24887590652699437 0.16204273504273503 0.036547139403706685 0.008609686609686609
3 0.24815874294923446 0.18074358974358973 0.26036261079774375 0.01004843304843305
0 0.2515269943593876 0.190005698005698 0.1522925060435133 0.009048433048433049
1 0.24804593070104752 0.19033333333333335 0.2630419016921837 0.03025641025641026
2 0.24949637389202256 0.19947863247863246 0.03633360193392426 0.009495726495726496
3 0.2496253021756648 0.2173247863247863 0.2356809024979855 0.009219373219373219
0 0.2513215149073328 0.225997150997151 0.2681385979049154 0.009096866096866097
1 0.25130942788074134 0.23283760683760685 0.2637590652699436 0.03922222222222222
2 0.24886784850926674 0.2365099715099715 0.03216760676873489 0.007515669515669516
3 0.24991136180499596 0.26415669515669515 0.08076551168412571 0.009370370370370371
0 0.25155922643029816 0.2736980056980057 0.34709105560032233 0.008928774928774929
1 0.250423045930701 0.27915099715099717 0.349174053182917 0.03936182336182336
2 0.24966156325543915 0.28321367521367524 0.03521756647864625 0.009467236467236467