2 0.5883803384367445 0.3249458689458689 0.08259468170829976 0.02078062678062678
3 0.15836422240128928 0.3287464387464388 0.19721595487510074 0.0174985754985755
1 0.3554995970991136 0.33400569800569796 0.603638195004029 0.04348433048433048
2 0.5930821917808219 0.37533903133903135 0.08681305398871877 0.021396011396011393
3 0.1596696212731668 0.37966096866096866 0.1950604351329573 0.02061253561253561
1 0.3581426269137792 0.38274358974358974 0.5992506043513295 0.040005698005698004
2 0.5880741337630943 0.42793162393162393 0.07853344077356969 0.021524216524216523
3 0.16802175664786462 0.4318632478632478 0.21341257050765514 0.01732193732193732
1 0.3557655116841257 0.4335185185185185 0.5993392425463335 0.03718233618233618
2 0.5914101531023369 0.4794558404558405 0.08520145044319097 0.021962962962962965
3 0.17925060435132956 0.4826809116809117 0.2378726833199033 0.021458689458689457
1 0.35534246575342465 0.4871282051282051 0.5984931506849315 0.03831908831908832
3 0.49920628525382754 0.5963703703703704 0.3702135374697824 0.01850997150997151
1 0.5024053182917002 0.598037037037037 0.3965713134568896 0.029145299145299144
3 0.40699033037872684 0.631934472934473 0.17978646253021757 0.020398860398860397
1 0.43435132957292505 0.6322849002849004 0.2459468170829976 0.0292022792022792
3 0.8010878323932312 0.6425242165242165 0.11240531829170025 0.01949002849002849
1 0.7994601128122482 0.6547777777777778 0.11261079774375504 0.0501054131054131
1 0.4849033037872683 0.6663817663817664 0.3397864625302176 0.023817663817663814
3 0.4846454472199839 0.6668461538461539 0.3310999194198227 0.018156695156695157
2 0.7938114423851732 0.6676296296296297 0.07711925866236906 0.02205982905982906
1 0.13320709105560033 0.7652136752136752 0.15905721192586622 0.026427350427350428
3 0.1313255439161966 0.7674615384615384 0.14402095084609184 0.017327635327635326
1 0.10880741337630943 0.8007521367521367 0.11025785656728446 0.02050712250712251
3 0.10467365028203063 0.8025669515669517 0.0887187751813054 0.015472934472934474
1 0.098303787268332 0.8374729344729346 0.09166800966962128 0.025507122507122507
3 0.09681305398871877 0.8389515669515669 0.07699435938759065 0.01758974358974359
1 0.3437630942788074 0.8470626780626781 0.11680902497985496 0.05232193732193732
2 0.33664383561643835 0.8571481481481482 0.07838436744560838 0.02240740740740741
3 0.09345688960515713 0.8743618233618234 0.07227639000805801 0.017760683760683762
1 0.09188557614826753 0.8757606837606838 0.08367445608380339 0.026794871794871795
2 0.5891257050765512 0.1611680911680912 0.08408541498791297 0.020603988603988602
3 0.14559226430298147 0.16435327635327635 0.17167203867848507 0.021048433048433048
1 0.3558742949234488 0.16793162393162395 0.6019701853344077 0.04327635327635328
2 0.5883279613215149 0.21684615384615386 0.07903706688154713 0.02324216524216524
1 0.35510072522159547 0.21926210826210826 0.5980016116035455 0.04243304843304843
3 0.15984689766317486 0.22017094017094016 0.2001853344077357 0.019162393162393165
2 0.5912812248186946 0.2690826210826211 0.08494762288477035 0.021435897435897435
3 0.16230459307010475 0.2717891737891738 0.20742143432715554 0.02203988603988604
1 0.35477840451248993 0.2742678062678063 0.6021998388396455 0.04891168091168091