1 0.07050362610797745 0.28663247863247865 0.05677679290894439 0.004774928774928775
1 0.141317485898469 0.28687179487179487 0.05742546333601934 0.004655270655270655
3 0.06626913779210314 0.16035327635327637 0.04914585012087027 0.006193732193732193
1 0.10677276390008057 0.16475213675213674 0.13016116035455277 0.014398860398860399
2 0.16081788879935535 0.1665811965811966 0.021736502820306206 0.010934472934472935
0 0.08991941982272361 0.168988603988604 0.0952054794520548 0.005068376068376068
3 0.06694601128122482 0.18336467236467238 0.049488315874294926 0.006524216524216524
1 0.10699838839645447 0.18715669515669514 0.12976631748589845 0.01410826210826211
2 0.16107574536663982 0.18851566951566953 0.020568090249798547 0.01089173789173789
0 0.08982675261885575 0.19175783475783478 0.09626510878323932 0.00550997150997151
3 0.06589443996776793 0.20588888888888887 0.049238517324738114 0.0064729344729344725
1 0.10545527800161161 0.2102905982905983 0.12836422240128928 0.015031339031339032
2 0.15897663174858984 0.21156125356125358 0.021410153102336824 0.011293447293447294
0 0.08895648670427074 0.21488888888888888 0.09536663980660758 0.006672364672364673
3 0.06635374697824335 0.2281025641025641 0.051833199033037874 0.004612535612535613
1 0.10576954069298952 0.2324245014245014 0.12982675261885576 0.013854700854700856
2 0.16002820306204674 0.23386039886039886 0.020995165189363417 0.010199430199430199
0 0.08901692183722804 0.23694301994301994 0.09548348106365834 0.005678062678062678
1 0.07072522159548751 0.2639344729344729 0.05806607574536664 0.005068376068376068
1 0.14091861402095085 0.26393732193732194 0.05746172441579372 0.004481481481481481
1 0.1413819500402901 0.27529629629629626 0.05671635777598711 0.0040541310541310546
1 0.07103142626913779 0.2755726495726496 0.056990330378726826 0.005202279202279203