3 0.12489927477840451 0.06814529914529914 0.03014907332796132 0.0038290598290598287
1 0.12497582594681708 0.06972079772079771 0.09740934730056407 0.0076410256410256415
0 0.12508058017727638 0.07170655270655271 0.0958904109589041 0.003586894586894587
3 0.12492747784045125 0.07887749287749288 0.04791700241740532 0.004205128205128205
1 0.12471796937953264 0.08041025641025641 0.0871071716357776 0.007928774928774928
0 0.12506446414182112 0.08239031339031339 0.08783239323126511 0.0034985754985754985
3 0.12462127316680097 0.08926210826210826 0.06780821917808219 0.004216524216524217
1 0.1256849315068493 0.09073504273504274 0.09229653505237712 0.007823361823361824
0 0.1257655116841257 0.09286324786324786 0.09271958098307816 0.0032364672364672362
3 0.12516921837228043 0.1115868945868946 0.07356164383561645 0.004056980056980057
1 0.12534649476228849 0.11278347578347578 0.07531426269137792 0.007763532763532763
0 0.1247904915390814 0.11509401709401709 0.062175664786462526 0.002817663817663818
3 0.12441176470588236 0.12149002849002849 0.04501611603545528 0.0037606837606837607
1 0.1250846091861402 0.1231937321937322 0.09902095084609186 0.0065128205128205125
0 0.12492747784045125 0.12504273504273503 0.09837630942788074 0.0037264957264957267
3 0.12447219983883964 0.13095441595441595 0.04467767929089444 0.003908831908831909
1 0.12573327961321515 0.13292877492877492 0.08866639806607575 0.008185185185185186
0 0.1256003223207091 0.13507977207977206 0.08646253021756647 0.0035783475783475785
3 0.1285535858178888 0.15007692307692308 0.05516518936341659 0.003928774928774929
1 0.12886784850926672 0.15145014245014246 0.0562610797743755 0.008327635327635328
0 0.12844480257856566 0.15368091168091166 0.043331990330378725 0.0028062678062678063
3 0.12796937953263499 0.16081766381766383 0.026506849315068495 0.0033361823361823363
1 0.1298751007252216 0.16304558404558403 0.0634085414987913 0.00845014245014245
0 0.12884770346494762 0.16482051282051283 0.06017727639000806 0.003131054131054131
3 0.12844883158742948 0.17170655270655272 0.047502014504431915 0.0033646723646723648
1 0.12958501208702658 0.173988603988604 0.09124899274778404 0.007598290598290599
0 0.12845688960515714 0.17584045584045585 0.08869057211925865 0.00347008547008547