1 0.08741337630942789 0.07035897435897435 0.13627316680096696 0.009572649572649573
2 0.13905721192586623 0.07084330484330484 0.027224012892828362 0.0076609686609686615
3 0.0724174053182917 0.07125925925925926 0.10311845286059629 0.007803418803418803
2 0.1453706688154714 0.07864387464387465 0.026510878323932313 0.0066695156695156695
1 0.08983883964544721 0.07890883190883191 0.1390290088638195 0.007527065527065528
3 0.07519742143432714 0.07896011396011396 0.10840048348106367 0.006381766381766381
1 0.11075745366639805 0.08662108262108263 0.18178485092667204 0.006883190883190883
3 0.09639806607574536 0.08673789173789173 0.15041095890410958 0.006319088319088319
2 0.1869218372280419 0.08686894586894588 0.026345688960515715 0.00652991452991453
2 0.1996897663174859 0.09415954415954415 0.02612006446414182 0.006145299145299145
1 0.11740128928283641 0.09455270655270655 0.19531829170024173 0.0091994301994302
3 0.1024174053182917 0.0948917378917379 0.16284045124899277 0.007276353276353276
2 0.08262691377921032 0.12701994301994302 0.026611603545527798 0.0061595441595441594
1 0.05899274778404512 0.12727635327635328 0.07871474617244158 0.00731908831908832
3 0.04401289282836422 0.12728205128205128 0.04525785656728445 0.005743589743589744
2 0.10058420628525383 0.13507407407407407 0.026643835616438353 0.006327635327635328
3 0.052763900080580184 0.13514814814814816 0.0635334407735697 0.006133903133903134
1 0.07020950846091861 0.13544159544159542 0.09884770346494763 0.00705982905982906
2 0.17761482675261886 0.14298005698005697 0.02613215149073328 0.006521367521367521
3 0.09147461724415794 0.14303418803418805 0.14095487510072524 0.006829059829059829
1 0.10644238517324738 0.1430883190883191 0.17223609991941982 0.009017094017094017
1 0.049008863819500405 0.1753846153846154 0.05690572119258663 0.008225071225071226
2 0.06398871877518131 0.1756951566951567 0.02475825946817083 0.005920227920227921
3 0.03515310233682514 0.1757207977207977 0.027534246575342466 0.005618233618233618
2 0.09030217566478646 0.18344729344729344 0.024939564867042706 0.006455840455840456
1 0.06185737308622079 0.18362962962962961 0.08490330378726833 0.00845014245014245
3 0.04848106365834005 0.18403418803418806 0.0541941982272361 0.006623931623931624
1 0.06947622884770346 0.19112535612535614 0.0987590652699436 0.007826210826210826
3 0.05637389202256245 0.19122507122507124 0.06997582594681709 0.005934472934472934
2 0.10541901692183722 0.1914928774928775 0.023896051571313456 0.006282051282051282
2 0.17228847703464947 0.19884615384615387 0.025596293311845285 0.006025641025641025
1 0.10361804995970991 0.19898290598290597 0.16474214343271554 0.007925925925925927
3 0.08914585012087026 0.19929629629629628 0.13512892828364223 0.006726495726495726