3 0.654528605962933 0.02910826210826211 0.17889202256244963 0.007928774928774928
1 0.7010757453666397 0.02925925925925926 0.2774012892828364 0.012786324786324786
2 0.8248912167606769 0.02926780626780627 0.021829170024174054 0.006792022792022792
2 0.8223690572119258 0.3032307692307692 0.026780821917808218 0.006002849002849003
3 0.6677961321514907 0.3032393162393162 0.20759871071716357 0.009490028490028491
1 0.6993916196615633 0.31330769230769234 0.2768049959709911 0.03666381766381766
0 0.66848106365834 0.31976068376068373 0.20730459307010474 0.021515669515669515
3 0.627232070910556 0.3433589743589744 0.12343271555197421 0.007555555555555556
2 0.8252256244963739 0.34374074074074074 0.020918614020950847 0.006242165242165242
1 0.7026954069298952 0.34394017094017093 0.2806365834004835 0.01168945868945869
2 0.8244842868654311 0.3608575498575498 0.022066881547139407 0.007347578347578348
3 0.638170829975826 0.3608689458689459 0.1466156325543916 0.007928774928774928
1 0.7029895245769541 0.36273504273504276 0.2793795326349718 0.016612535612535614
3 0.6509589041095891 0.046418803418803424 0.1704552780016116 0.008210826210826212
2 0.8244520547945206 0.046558404558404556 0.020950846091861403 0.006752136752136752
1 0.7001208702659146 0.0466951566951567 0.2727155519742143 0.013686609686609686
3 0.6169661563255439 0.06351566951566952 0.10334004834810637 0.0077578347578347575
2 0.8214786462530218 0.06370940170940172 0.027111200644641422 0.006809116809116809
1 0.7004995970991137 0.07087464387464387 0.27162369057211927 0.026111111111111113
0 0.6892626913779211 0.07649002849002849 0.24767123287671233 0.012293447293447293
3 0.646361804995971 0.09622792022792022 0.16256244963738922 0.00725925925925926
2 0.8217526188557615 0.09676638176638176 0.02660354552780016 0.006658119658119658
1 0.6995165189363417 0.10467521367521368 0.27336019339242545 0.030994301994301997
0 0.662590652699436 0.1099059829059829 0.19491941982272362 0.013663817663817664
3 0.5812409347300564 0.12966951566951568 0.03275181305398872 0.007296296296296296
2 0.8250120870265915 0.12989458689458688 0.021019339242546335 0.0066495726495726494
1 0.7028243352135375 0.1376951566951567 0.2808944399677679 0.031045584045584045
0 0.6610153102336825 0.1432108262108262 0.1923730862207897 0.013968660968660968
3 0.6028082191780822 0.16277492877492877 0.07502014504431909 0.00727920227920228
2 0.8243795326349718 0.16280911680911683 0.0208058017727639 0.006592592592592593
1 0.7000402900886382 0.17057549857549859 0.27717163577759873 0.02820797720797721
0 0.6814665592264303 0.1761168091168091 0.23207091055600323 0.0139002849002849
3 0.626047542304593 0.196008547008547 0.12149879129734086 0.008438746438746439
2 0.8247219983883964 0.19635327635327637 0.01990733279613215 0.006672364672364673
1 0.6999758259468171 0.20687464387464388 0.2807413376309428 0.03743019943019943
0 0.6746776792908944 0.21285754985754984 0.21789282836422239 0.020227920227920228
2 0.8249274778404513 0.23686039886039886 0.02032232070910556 0.006908831908831909
3 0.6340330378726834 0.23691168091168088 0.13877518130539887 0.00868091168091168
1 0.7003021756647865 0.2443019943019943 0.27769943593875906 0.02866096866096866
0 0.6675020145044319 0.24996011396011397 0.20474214343271555 0.014102564102564103
3 0.6526430298146656 0.26956125356125354 0.17556003223207092 0.008672364672364673
2 0.8247582594681708 0.2697321937321937 0.021035455278001613 0.006387464387464388
1 0.700177276390008 0.27591168091168095 0.2802256244963739 0.029162393162393163
0 0.6593432715551975 0.2819059829059829 0.1884246575342466 0.013387464387464389