0 0.21853746978243352 0.28516239316239317 0.3778323932312651 0.020014245014245015
2 0.9571474617244158 0.29267521367521365 0.028763094278807414 0.008176638176638176
3 0.6372804190169219 0.293017094017094 0.23744963738920227 0.009074074074074075
1 0.7456043513295729 0.303994301994302 0.45707091055600324 0.03645584045584045
0 0.6941136180499597 0.30819088319088317 0.3528928283642224 0.0212991452991453
2 0.47385979049153903 0.30955270655270656 0.0321273166800967 0.009749287749287749
3 0.11172441579371475 0.30980341880341883 0.16427074939564867 0.009846153846153846
1 0.26374697824335214 0.320011396011396 0.46882352941176464 0.032199430199430196
0 0.1814907332796132 0.3244672364672365 0.30022159548751004 0.019037037037037036
2 0.9575624496373892 0.33234188034188034 0.02869460112812248 0.009515669515669515
3 0.6467244157937148 0.3325925925925926 0.25707091055600323 0.009074074074074075
1 0.7465914585012087 0.34697150997150994 0.45904915390813855 0.04021652421652422
0 0.7081144238517325 0.35141880341880344 0.37914182111200645 0.028165242165242164
3 0.14657131345688962 0.35902849002849 0.23175664786462533 0.00935897435897436
2 0.47402095084609186 0.3606410256410256 0.02678485092667204 0.009951566951566952
1 0.2601692183722804 0.37413105413105413 0.46166800966962124 0.04234472934472935
0 0.22385173247381146 0.3793076923076923 0.38670829975825943 0.030464387464387465
3 0.5843190975020145 0.38178917378917376 0.13226430298146655 0.010096866096866096
2 0.9568412570507655 0.381948717948718 0.028348106365834003 0.009247863247863248
1 0.7489000805801773 0.39592307692307693 0.46366639806607574 0.04693162393162393
0 0.7083400483481064 0.40216809116809116 0.3795890410958904 0.030794871794871795
3 0.13513295729250605 0.40924501424501425 0.20961321514907333 0.008772079772079772
2 0.47305398871877513 0.4098091168091168 0.026881547139403706 0.009490028490028491
1 0.2592868654311039 0.4193988603988604 0.46114826752618854 0.03303703703703704
0 0.17085817888799354 0.42308831908831906 0.2824738114423852 0.017917378917378917
2 0.9549476228847703 0.4306752136752137 0.027856567284448026 0.010327635327635327
3 0.5913295729250605 0.4314472934472935 0.14775584206285255 0.009951566951566952
1 0.7471756647864626 0.44535897435897437 0.46203062046736504 0.04819373219373219
3 0.16887187751813054 0.448982905982906 0.27856164383561643 0.009618233618233617
2 0.47227236099919423 0.4490940170940171 0.02894842868654311 0.01045014245014245
0 0.7013134568896052 0.45103988603988604 0.36729653505237714 0.029672364672364674
1 0.26133360193392424 0.4641225071225071 0.4664786462530217 0.041908831908831906
0 0.21599919419822725 0.4684358974358974 0.3727598710717164 0.02963817663817664
2 0.9580217566478646 0.4807179487179487 0.028509266720386787 0.009381766381766382
3 0.5876591458501208 0.4810284900284901 0.13746978243352134 0.010176638176638176
1 0.749016921837228 0.49586039886039884 0.46026994359387596 0.04516524216524217
0 0.6644157937147461 0.5013333333333333 0.29174053182917004 0.030763532763532764
3 0.060914585012087026 0.5276153846153846 0.06044319097502015 0.009623931623931624
2 0.47443996776792907 0.5276324786324786 0.025124899274778404 0.009735042735042736
2 0.9554552780016117 0.5306866096866097 0.030169218372280416 0.011353276353276353
3 0.5800120870265915 0.5307321937321937 0.12437953263497178 0.009606837606837606
1 0.259754230459307 0.5327635327635327 0.4633158742949235 0.023293447293447296
0 0.146897663174859 0.5383390313390313 0.23367445608380338 0.011507122507122507
1 0.7466680096696213 0.5417321937321937 0.46283642224012894 0.0392962962962963
0 0.6703464947622885 0.5470940170940171 0.30711522965350524 0.02341880341880342
3 0.09453263497179694 0.5572820512820512 0.1298791297340854 0.010113960113960114
2 0.47313053988718773 0.5574188034188035 0.027945205479452055 0.009014245014245014
1 0.2595729250604351 0.5628119658119658 0.46171635777598713 0.022957264957264956
0 0.2269822723609992 0.5677806267806268 0.3947219983883965 0.011316239316239316
2 0.47159951651893633 0.587071225071225 0.027606768734891214 0.009945868945868946
3 0.13400886381950042 0.5873618233618233 0.2080983078162772 0.010911680911680911
1 0.2596937953263497 0.5968233618233618 0.4607211925866237 0.0323019943019943
2 0.9568855761482674 0.6006239316239317 0.026676067687348908 0.00947008547008547
3 0.5700966962127316 0.6011566951566951 0.10602739726027398 0.010905982905982907
0 0.19203464947622884 0.6024045584045584 0.3239484286865431 0.019005698005698003
1 0.744709911361805 0.6104358974358974 0.46073327961321514 0.03285754985754986
0 0.6823086220789686 0.6167891737891738 0.3301611603545528 0.02041025641025641
3 0.16559226430298146 0.6264814814814814 0.2690531829170024 0.01103988603988604
2 0.4714585012087027 0.6265925925925926 0.02732070910556003 0.010737891737891737
1 0.25875100725221595 0.6360826210826211 0.4600725221595488 0.033339031339031336
2 0.9576672038678484 0.6403247863247863 0.02733279613215149 0.009977207977207978
3 0.6151490733279613 0.6406210826210826 0.19466156325543915 0.00911965811965812
0 0.1919016921837228 0.6422934472934473 0.32368654311039485 0.020430199430199428
1 0.7462369057211926 0.6508262108262108 0.4602780016116036 0.034327635327635324
0 0.6311724415793715 0.6555213675213676 0.22701047542304595 0.018905982905982905
3 0.20075342465753424 0.6666638176638175 0.343058017727639 0.009658119658119657
2 0.4721313456889605 0.6667492877492878 0.02775987107171636 0.010871794871794871
1 0.2598146655922643 0.6759458689458689 0.4622038678485093 0.03201709401709402
0 0.2222159548751007 0.6815954415954416 0.3851933924254633 0.020683760683760682
2 0.4712489927477841 0.7058461538461538 0.027812248186946012 0.010811965811965812
3 0.14122481869460113 0.7059971509971511 0.22253021756647867 0.010210826210826212
3 0.6013900080580178 0.7114330484330484 0.16860999194198228 0.010672364672364673
2 0.9561925866236906 0.7117321937321937 0.027103142626913778 0.009113960113960113
1 0.25683319903303786 0.7153931623931624 0.4562328767123287 0.03384045584045584
1 0.7457574536663981 0.7162108262108262 0.4593271555197421 0.02321937321937322
0 0.6761039484286865 0.7213276353276353 0.31951651893634164 0.009988603988603989
0 0.21157937147461725 0.7215327635327635 0.3639202256244964 0.02034757834757835
2 0.95651893634166 0.7406809116809117 0.028662369057211926 0.009282051282051281
3 0.6297703464947623 0.7411566951566951 0.2231627719580983 0.009715099715099715
1 0.746986301369863 0.7499145299145299 0.456829170024174 0.03106552706552707
0 0.6766277195809831 0.7558376068376068 0.31616035455278 0.018692307692307692
2 0.4733521353746978 0.7753390313390314 0.029294923448831584 0.009324786324786324
3 0.09917002417405318 0.7753903133903134 0.1376833199033038 0.008404558404558405
2 0.9578082191780822 0.7805726495726496 0.027610797743755036 0.010168091168091167
3 0.5883319903303788 0.7807806267806268 0.14176067687348914 0.009811965811965811
1 0.2602659145850121 0.7858119658119658 0.46309830781627725 0.031920227920227924
0 0.2152497985495568 0.790920227920228 0.3712570507655117 0.02231908831908832
1 0.7455600322320709 0.7951737891737891 0.45769137792103143 0.04188319088319088
0 0.70116035455278 0.8000911680911681 0.36610797743755036 0.028225071225071223
3 0.13162771958098307 0.8148603988603988 0.2018614020950846 0.009236467236467236
2 0.4737187751813054 0.8149202279202279 0.029121676067687348 0.009589743589743589
1 0.2616559226430298 0.8252108262108262 0.4646454472199839 0.032769230769230766
0 0.2165431103948429 0.8297435897435897 0.37032634971796935 0.02037891737891738
3 0.5561281224818695 0.830108262108262 0.0766116035455278 0.010051282051282051
2 0.9575181305398872 0.8306381766381766 0.027034649476228845 0.008313390313390314
1 0.7452659145850121 0.8446011396011397 0.45710314262691376 0.040894586894586894
0 0.687453666398066 0.8498176638176639 0.3395729250604351 0.02819088319088319
3 0.1632473811442385 0.8551054131054131 0.2643674456083803 0.009535612535612536
2 0.47427880741337636 0.8645071225071226 0.02570507655116841 0.0087008547008547
1 0.26042304593070104 0.864988603988604 0.46465753424657535 0.03262108262108262
0 0.2045850120870266 0.8701566951566951 0.3481668009669621 0.02098860398860399
2 0.9587308622078969 0.879957264957265 0.02854955680902498 0.009455840455840456
3 0.5834085414987913 0.8800854700854701 0.12970185334407736 0.00950997150997151
3 0.13392022562449638 0.8942079772079772 0.20718372280419017 0.009111111111111111
1 0.7470346494762289 0.8956239316239316 0.46187348912167603 0.04396866096866097
0 0.698146655922643 0.8996381766381767 0.36184125705076553 0.02896296296296296
2 0.4737671232876713 0.9043988603988604 0.026494762288477035 0.008307692307692308
1 0.25934327155519743 0.9053162393162393 0.46125302175664784 0.03270370370370371
0 0.22146253021756646 0.9097891737891738 0.38280419016921835 0.021905982905982908
3 0.5781950040290088 0.12392877492877494 0.1192747784045125 0.009370370370370371
2 0.9579129734085415 0.12454415954415954 0.02590249798549557 0.009603988603988605
3 0.0606809024979855 0.1314957264957265 0.06292908944399678 0.0091994301994302
2 0.47346897663174864 0.1317863247863248 0.028622078968573734 0.010851851851851852
1 0.2599919419822723 0.13577207977207978 0.4692264302981466 0.02008831908831909
1 0.7445245769540694 0.13986894586894588 0.4530983078162772 0.04341880341880342
0 0.21810233682514102 0.14093447293447295 0.3769661563255439 0.008891737891737892
0 0.6978283642224012 0.14361253561253562 0.3594399677679291 0.03041595441595442
2 0.4728565672844481 0.16053846153846155 0.02830378726833199 0.009985754985754986
3 0.13431103948428688 0.16053846153846155 0.21091458501208704 0.010207977207977207
1 0.26007252215954874 0.17088319088319087 0.46395245769540694 0.03347293447293447
2 0.9585737308622079 0.1736666666666667 0.026740531829170026 0.009643874643874645
3 0.6127034649476228 0.17367521367521369 0.18976631748589848 0.008880341880341881
0 0.1912369057211926 0.17727065527065528 0.32323126510878325 0.021247863247863246
1 0.7452417405318292 0.18412820512820513 0.45634568896051575 0.03304273504273504
0 0.7078525382755843 0.1884928774928775 0.38124899274778407 0.020683760683760682
3 0.12731668009669622 0.20063532763532765 0.1954552780016116 0.009686609686609686
2 0.47209508460918614 0.20143874643874643 0.028597904915390816 0.01032193732193732
1 0.25933924254633356 0.20588319088319088 0.4624899274778405 0.022019943019943023
0 0.21918614020950844 0.21123931623931624 0.3782554391619662 0.010837606837606838
2 0.9580741337630942 0.21318803418803417 0.028662369057211926 0.008746438746438746
3 0.6214262691377922 0.21351566951566953 0.20647864625302176 0.009931623931623931
1 0.745245769540693 0.22381481481481483 0.4599919419822724 0.03407122507122507
0 0.7210757453666399 0.22822507122507124 0.40769540692989525 0.019310541310541312
2 0.473593875906527 0.23044729344729345 0.027961321514907336 0.009324786324786324
3 0.09335213537469782 0.23056125356125357 0.12825946817082998 0.011216524216524216
1 0.2613497179693795 0.24102564102564103 0.4689887187751813 0.033629629629629634
0 0.18180096696212733 0.24594871794871795 0.3052417405318292 0.019934472934472935
3 0.6141619661563255 0.2529344729344729 0.19194601128122482 0.010145299145299146
2 0.9588960515713134 0.25307977207977206 0.026410153102336825 0.008586894586894588
1 0.7478887993553586 0.26332478632478634 0.46164383561643835 0.03474643874643874
0 0.7115551974214342 0.2684615384615385 0.38689766317485896 0.02143874643874644
3 0.15088235294117647 0.2701282051282051 0.24184931506849314 0.008601139601139602
2 0.47321514907332796 0.27096296296296296 0.027211925866236907 0.009541310541310542
1 0.2583521353746978 0.28149572649572646 0.4605116841257051 0.03399430199430199