1 0.13798146655922644 0.28976638176638175 0.22883561643835618 0.02831908831908832
0 0.11934327155519742 0.2957749287749288 0.19102739726027398 0.014438746438746439
3 0.08294923448831587 0.032094017094017095 0.11823932312651089 0.010603988603988604
2 0.23753424657534244 0.0321965811965812 0.028658340048348104 0.009931623931623931
1 0.13858984689766318 0.036145299145299147 0.22951651893634165 0.021344729344729346
0 0.12688960515713135 0.04113960113960114 0.20736502820306202 0.009370370370370371
3 0.09112006446414182 0.05252136752136752 0.135825946817083 0.008421652421652421
2 0.2340652699435939 0.052703703703703704 0.03662369057211926 0.009663817663817664
1 0.13761079774375504 0.06189458689458689 0.23253021756647865 0.028042735042735044
0 0.13556406124093473 0.06678632478632478 0.22470991136180501 0.016743589743589745
3 0.09542304593070104 0.08153561253561253 0.14194198227236102 0.00935042735042735
2 0.23319097502014505 0.08184045584045584 0.0348751007252216 0.009082621082621083
1 0.13836019339242547 0.08965527065527065 0.23180096696212732 0.027994301994301994
0 0.11936341659951652 0.09472934472934473 0.18982272360999194 0.01378062678062678
2 0.23369460112812246 0.11063247863247863 0.034637389202256244 0.008689458689458689
3 0.09208299758259468 0.11089743589743589 0.13402497985495568 0.011854700854700854
1 0.13633763094278806 0.11902564102564102 0.22839645447219983 0.030740740740740742
0 0.13343271555197422 0.12358119658119658 0.21796132151490735 0.015267806267806269
1 0.13780419016921835 0.15504273504273505 0.23043513295729254 0.012304843304843304
3 0.047550362610797745 0.1554216524216524 0.04868251410153102 0.009555555555555555
2 0.23635777598710717 0.1557037037037037 0.028791297340854147 0.00923931623931624
1 0.138013698630137 0.1669031339031339 0.23333601933924253 0.012310541310541311
2 0.23323932312651086 0.16774643874643874 0.03373086220789686 0.007851851851851851
3 0.048416599516518936 0.16812820512820512 0.04792908944399677 0.008609686609686609
1 0.13720789685737309 0.1783019943019943 0.23545124899274777 0.01315099715099715
2 0.2330539887187752 0.17982905982905983 0.035850120870265914 0.009179487179487179
3 0.07040692989524577 0.17985754985754984 0.09315471394037067 0.008356125356125356
1 0.13578968573730862 0.19077777777777777 0.23261482675261885 0.013504273504273504
3 0.06885576148267526 0.19105413105413105 0.09379935535858179 0.008777777777777777
2 0.23383158742949234 0.19148148148148147 0.036160354552780015 0.00876068376068376
1 0.13748186946011282 0.20394017094017095 0.2347582594681708 0.014358974358974359
3 0.05977034649476229 0.20450712250712252 0.07436341659951652 0.009341880341880342
2 0.23443190975020145 0.20472079772079774 0.036116035455278 0.008014245014245015
3 0.08502820306204674 0.21586324786324784 0.12232473811442386 0.010108262108262107
1 0.13898066075745366 0.2161908831908832 0.23030217566478647 0.012507122507122506
2 0.23375100725221593 0.21664387464387463 0.03475825946817083 0.007264957264957265
1 0.13829975825946816 0.22893732193732194 0.22894037066881548 0.013404558404558405
2 0.23359387590652697 0.22931054131054132 0.035684931506849316 0.008883190883190882
3 0.07158742949234488 0.22952421652421653 0.0967566478646253 0.009304843304843304
2 0.2342022562449637 0.2411880341880342 0.03565269943593876 0.007162393162393163
3 0.06546736502820306 0.24126780626780628 0.08327961321514907 0.007321937321937322
1 0.1380177276390008 0.24172079772079774 0.22837228041901694 0.010452991452991452
3 0.05615229653505238 0.25295156695156695 0.06330781627719581 0.008843304843304842
2 0.23435132957292504 0.25351851851851853 0.0359508460918614 0.007225071225071225
1 0.13810636583400482 0.26152706552706556 0.22979854955680903 0.028512820512820513
0 0.12474214343271556 0.26756695156695154 0.20182111200644642 0.016877492877492878
2 0.23400080580177274 0.2824159544159544 0.03525382755842063 0.008803418803418802
3 0.10762691377921031 0.28252136752136753 0.16759065269943593 0.009891737891737891