0 0.22832796132151492 0.2901253561253561 0.11319097502014504 0.012085470085470087
2 0.2967324738114424 0.3086182336182336 0.019319097502014507 0.01
3 0.20892022562449636 0.30872649572649574 0.07146655922643029 0.010905982905982907
1 0.2401450443190975 0.31521937321937327 0.1368211120064464 0.026629629629629628
0 0.22810636583400482 0.32196296296296295 0.11308219178082192 0.011965811965811967
3 0.21447622884770348 0.11567236467236466 0.08452054794520548 0.009971509971509971
2 0.2969782433521354 0.11647008547008547 0.018843674456083804 0.008826210826210826
1 0.23929492344883158 0.12257549857549858 0.13512892828364223 0.024464387464387467
0 0.2287630942788074 0.12845584045584046 0.11406124093473007 0.01154985754985755
3 0.21076551168412572 0.14692022792022794 0.07612812248186945 0.010783475783475783
2 0.2974254633360194 0.14692307692307693 0.018771152296535053 0.010789173789173788
1 0.23883964544721997 0.1526096866096866 0.1342143432715552 0.024908831908831912
0 0.22862610797743757 0.15958689458689457 0.11378726833199033 0.012128205128205128
3 0.2208904109589041 0.17790598290598292 0.0954109589041096 0.011754985754985755
2 0.2965551974214343 0.17856410256410257 0.01897260273972603 0.011017094017094017
1 0.23875100725221596 0.18424501424501427 0.13695004029008864 0.02511965811965812
0 0.22896857373086218 0.19154131054131052 0.11447622884770346 0.0122991452991453
3 0.2075785656728445 0.24695726495726497 0.0707211925866237 0.00935897435897436
2 0.2977397260273973 0.24720797720797721 0.018428686543110397 0.009863247863247862
1 0.23931506849315068 0.25351282051282054 0.13516921837228044 0.02521652421652422
0 0.22933118452860599 0.2597777777777778 0.11423045930701047 0.011017094017094017
2 0.29724012892828366 0.27745014245014243 0.017429492344883158 0.009347578347578349
3 0.20831184528605962 0.27763817663817664 0.07316277195809831 0.009037037037037036
1 0.23831587429492346 0.28365811965811966 0.13413779210314264 0.025190883190883192