3 0.08336019339242547 0.29321937321937325 0.14406526994359387 0.012612535612535614
1 0.10843674456083803 0.3001908831908832 0.19759468170829977 0.027512820512820512
0 0.10780821917808218 0.30676068376068377 0.19296132151490733 0.011754985754985755
3 0.08334407735697019 0.321017094017094 0.14808219178082194 0.01160968660968661
2 0.2694439967767929 0.3220512820512821 0.04006849315068493 0.010094017094017095
1 0.14961724415793715 0.32820797720797723 0.2834448025785657 0.028846153846153848
0 0.13355358581788881 0.3353988603988604 0.24545930701047544 0.013153846153846155
3 0.07991136180499597 0.35017094017094014 0.13817485898468976 0.011891737891737893
1 0.15075745366639806 0.3505811965811966 0.2820870265914585 0.016384615384615383
2 0.27029008863819504 0.3513390313390313 0.03973005640612409 0.010643874643874644
2 0.26989927477840453 0.36464387464387465 0.038948428686543114 0.010031339031339032
3 0.07806204673650283 0.36499145299145297 0.13548751007252216 0.010726495726495726
1 0.15074939564867043 0.3651452991452992 0.2834206285253828 0.01395156695156695
1 0.1505439161966156 0.377997150997151 0.28300966962127316 0.013834757834757835
3 0.0536986301369863 0.37883475783475784 0.08777598710717165 0.011905982905982906
2 0.2692546333601934 0.3791225071225071 0.0427276390008058 0.010333333333333335
3 0.060128928283642226 0.3922678062678062 0.1026672038678485 0.010116809116809115
1 0.14897663174858986 0.3931111111111111 0.28392828364222406 0.014413105413105413
2 0.2698912167606769 0.3932962962962963 0.041978243352135375 0.010740740740740742
3 0.07287671232876712 0.43923361823361823 0.1038436744560838 0.010917378917378918
1 0.12496373892022564 0.4393732193732194 0.21155922643029815 0.013213675213675214
2 0.2039242546333602 0.4400769230769231 0.04985092667203868 0.010455840455840457
3 0.05839242546333602 0.45282336182336186 0.0728525382755842 0.010874643874643874
1 0.12470185334407735 0.45294301994301994 0.2069822723609992 0.012618233618233618
2 0.2031385979049154 0.45333048433048434 0.04828364222401289 0.010458689458689458
1 0.12597904915390815 0.46566951566951564 0.20953263497179692 0.0131994301994302
3 0.051845286059629334 0.46574074074074073 0.06076954069298953 0.01092022792022792
2 0.20456083803384367 0.46627065527065525 0.04909347300564061 0.011977207977207976
3 0.040600322320709106 0.47876068376068376 0.041317485898468974 0.009737891737891738
1 0.12404109589041096 0.47893447293447294 0.21106365834004837 0.011780626780626781
2 0.20386784850926673 0.4791766381766382 0.04771152296535052 0.00984900284900285
3 0.04145044319097502 0.4922849002849003 0.044033037872683325 0.010991452991452991
2 0.2040652699435939 0.49291168091168086 0.04811039484286865 0.011532763532763533
1 0.12379129734085415 0.4930968660968661 0.21056809024979856 0.01641025641025641
3 0.038924254633360196 0.5050256410256411 0.0363215149073328 0.00996866096866097
1 0.12317888799355359 0.5057378917378917 0.20933924254633363 0.012045584045584047
2 0.20294520547945205 0.5061566951566951 0.04890813859790492 0.010082621082621084
3 0.07865431103948428 0.5178376068376068 0.11843674456083803 0.011236467236467236
1 0.12323126510878324 0.5181908831908831 0.2107977437550363 0.013997150997150997
2 0.2036341659951652 0.5186638176638176 0.047240128928283644 0.010737891737891737
3 0.08126913779210315 0.5311282051282051 0.12468170829975825 0.009874643874643874
1 0.12232876712328768 0.5311908831908831 0.2134931506849315 0.014555555555555556
2 0.2028485092667204 0.5319202279202279 0.04567284448025786 0.010025641025641026
3 0.06224818694601128 0.543911680911681 0.08663577759871072 0.01037037037037037
1 0.12332393231265108 0.5442763532763533 0.21098710717163577 0.014524216524216524
2 0.20236905721192586 0.5453703703703704 0.046740531829170026 0.010424501424501426
3 0.06526188557614826 0.5568603988603988 0.09368251410153103 0.01048148148148148
1 0.12319097502014505 0.5577321937321937 0.21207091055600322 0.014658119658119658
2 0.20226430298146655 0.5580113960113959 0.047538275584206285 0.009202279202279201
3 0.07378726833199033 0.5706381766381766 0.10870668815471395 0.010091168091168091
1 0.12293714746172442 0.570985754985755 0.21020950846091863 0.01391168091168091
2 0.20253424657534247 0.5712535612535612 0.048078162771958095 0.010612535612535612
3 0.08708299758259468 0.5835783475783476 0.13529814665592266 0.009467236467236467
1 0.12288879935535858 0.5842051282051282 0.21282433521353747 0.013091168091168092
2 0.20184931506849316 0.5844900284900285 0.0477276390008058 0.009857549857549858
3 0.07771958098307817 0.5965698005698006 0.11960918614020952 0.010376068376068377
2 0.20228041901692184 0.5966780626780627 0.04959709911361805 0.00988034188034188
1 0.12180902497985495 0.5970940170940171 0.2106567284448026 0.014
1 0.12199838839645448 0.610008547008547 0.2137429492344883 0.014962962962962964
3 0.08073327961321515 0.6105612535612536 0.12462530217566478 0.012572649572649574
2 0.2025584206285254 0.6105954415954417 0.05031426269137792 0.010148148148148147
1 0.0712610797743755 0.06307692307692307 0.12038678485092667 0.013299145299145299
3 0.07077356970185335 0.06356695156695157 0.11686140209508461 0.010364672364672365
1 0.1363859790491539 0.07785185185185185 0.2546937953263497 0.01415954415954416
3 0.08090249798549558 0.07825071225071226 0.13712328767123286 0.01178917378917379
2 0.2338195004029009 0.07905982905982906 0.048855761482675265 0.010541310541310541
1 0.13784448025785656 0.09273504273504274 0.2521998388396455 0.015233618233618233
3 0.06709508460918615 0.09347293447293446 0.1074818694601128 0.011427350427350427
2 0.2338074133763094 0.09372079772079772 0.046800966962127315 0.01120797720797721
3 0.04329975825946817 0.10652991452991453 0.06495165189363417 0.009606837606837606
1 0.13657937147461724 0.10672649572649573 0.25373086220789687 0.012609686609686609
2 0.23511281224818692 0.10833048433048434 0.04738920225624497 0.009623931623931624
3 0.08144238517324738 0.12134188034188034 0.14022159548751006 0.012005698005698007
1 0.135870265914585 0.1222051282051282 0.2509548751007252 0.015831908831908832
2 0.23445205479452053 0.12224501424501424 0.04708299758259468 0.010948717948717948
3 0.0755600322320709 0.13607692307692307 0.12947219983883965 0.009954415954415954
1 0.13537872683319904 0.1362051282051282 0.2513255439161966 0.014185185185185184
2 0.23325946817083 0.13627065527065527 0.04874697824335213 0.011056980056980057
1 0.13625705076551167 0.14896011396011397 0.2530781627719581 0.011646723646723648
3 0.05796937953263497 0.1498005698005698 0.09226430298146655 0.010897435897435897
2 0.23448831587429492 0.15023361823361825 0.047151490733279615 0.010327635327635327
1 0.1363859790491539 0.16368945868945867 0.25334004834810636 0.01464102564102564
2 0.23421434327155521 0.16441310541310541 0.047614826752618855 0.010749287749287748
3 0.09531426269137792 0.1646068376068376 0.16897663174858985 0.012569800569800569
3 0.04247784045124899 0.17905128205128207 0.0643190975020145 0.01137037037037037
2 0.2345245769540693 0.17911965811965813 0.04823932312651088 0.010071225071225072
1 0.1349597099113618 0.17912820512820513 0.25319097502014504 0.014914529914529915
0 0.12961724415793713 0.1793019943019943 0.10790894439967767 0.011871794871794872
3 0.0626228847703465 0.191982905982906 0.10562449637389203 0.01000854700854701
2 0.23377518130539887 0.1935925925925926 0.047163577759871074 0.010623931623931623
1 0.13397260273972603 0.20021652421652422 0.2512207896857373 0.026484330484330482
0 0.06125302175664787 0.20685185185185184 0.10490733279613215 0.01180911680911681
1 0.09473408541498791 0.26384615384615384 0.16868251410153104 0.015065527065527067
3 0.09328364222401289 0.263991452991453 0.16491539081385978 0.012185185185185186
1 0.10745769540692988 0.2786980056980057 0.19819097502014504 0.01703133903133903
3 0.10850120870265915 0.27878062678062676 0.19636986301369863 0.012387464387464386