1 0.14560838033843673 0.059931623931623934 0.05193392425463336 0.005467236467236468
3 0.14443593875906527 0.06021082621082621 0.047320709105560035 0.004025641025641026
3 0.14481869460112812 0.06552421652421653 0.04896857373086221 0.0040427350427350425
1 0.14500805801772765 0.06553846153846153 0.05073327961321515 0.004849002849002849
1 0.14466559226430298 0.0708945868945869 0.08910153102336825 0.005698005698005698
3 0.1449194198227236 0.07118803418803418 0.08800161160354553 0.0038262108262108263
3 0.14482675261885575 0.07631339031339032 0.08164383561643836 0.0037806267806267807
1 0.1446494762288477 0.0764131054131054 0.0821716357775987 0.003977207977207978
3 0.14502820306204672 0.09720512820512821 0.1129331184528606 0.0037464387464387467
1 0.1448348106365834 0.09739031339031338 0.11342868654311039 0.0038062678062678063
1 0.1448348106365834 0.1027150997150997 0.08606768734891217 0.004472934472934472
3 0.1448992747784045 0.1028005698005698 0.08575342465753424 0.0046410256410256406
1 0.1443432715551974 0.10781481481481482 0.0674375503626108 0.00405982905982906
3 0.14475825946817084 0.10786324786324787 0.06649879129734086 0.00352991452991453
1 0.14434730056406123 0.11316239316239315 0.07980257856567284 0.0038319088319088315
3 0.14452054794520547 0.11327920227920228 0.07926672038678485 0.0037521367521367523
1 0.14443190975020145 0.11897435897435898 0.08129331184528607 0.004227920227920228
3 0.14469782433521353 0.11917663817663818 0.0808460918614021 0.004316239316239316
1 0.14422643029814666 0.1382108262108262 0.05396454472199839 0.004626780626780626
3 0.1444802578565673 0.13858404558404558 0.05315068493150685 0.003814814814814815
3 0.14463336019339243 0.1436723646723647 0.04903706688154714 0.004005698005698006
1 0.14429492344883157 0.1442165242165242 0.04924657534246576 0.005094017094017094
3 0.1444238517324738 0.14937606837606837 0.04464544721998388 0.0038660968660968664
1 0.1448992747784045 0.14953561253561254 0.045604351329572926 0.004185185185185185
3 0.14479854955680901 0.15461823361823362 0.046285253827558416 0.003740740740740741
1 0.14408138597904915 0.15483760683760683 0.047937147461724415 0.004176638176638177
1 0.1446091861402095 0.16015669515669514 0.0670870265914585 0.0038945868945868944
3 0.14475020145044318 0.16035327635327637 0.0656003223207091 0.0036666666666666666
3 0.14521756647864625 0.16585470085470086 0.08728041901692184 0.004373219373219373
1 0.1447743755036261 0.16594017094017097 0.08860193392425464 0.004854700854700854
1 0.14472602739726026 0.17123646723646724 0.052312651087832396 0.004210826210826211
3 0.1443392425463336 0.17125071225071226 0.050221595487510075 0.003925925925925926
3 0.14453666398066076 0.19098575498575499 0.045757453666398065 0.00407977207977208
1 0.14452457695406928 0.19099430199430198 0.04661563255439162 0.004720797720797721
1 0.1445850120870266 0.19595156695156693 0.08425060435132958 0.004652421652421652
3 0.14453263497179694 0.19604558404558406 0.08370668815471394 0.004213675213675213
3 0.14475825946817084 0.20152991452991453 0.11019339242546333 0.0036353276353276354
1 0.14472602739726026 0.20170940170940171 0.11101128122481868 0.0043076923076923075
1 0.1442586623690572 0.2070997150997151 0.0787389202256245 0.003857549857549857
3 0.14406526994359387 0.20722792022792022 0.07967365028203062 0.004421652421652421