3 0.25927477840451246 0.08197150997150998 0.0622119258662369 0.00547008547008547
2 0.39368654311039486 0.08244159544159545 0.017997582594681708 0.00703988603988604
1 0.3147784045124899 0.08312250712250711 0.17569298952457696 0.009410256410256411
2 0.1658662369057212 0.08724216524216526 0.02167606768734891 0.008034188034188034
3 0.05229250604351329 0.08729059829059829 0.1045890410958904 0.006028490028490028
1 0.08906929895245769 0.08747863247863248 0.177767929089444 0.008621082621082621
1 0.31540692989524577 0.09316524216524216 0.17433521353746978 0.008951566951566951
3 0.26602739726027397 0.0931908831908832 0.07358178887993554 0.0067094017094017095
2 0.39343674456083805 0.09407977207977208 0.01820709105560032 0.006538461538461538
3 0.06767526188557615 0.1013817663817664 0.13535455278001612 0.005672364672364673
2 0.167143432715552 0.10162678062678063 0.02065672844480258 0.007968660968660968
1 0.08954875100725221 0.10180911680911682 0.1777074939564867 0.007754985754985754
1 0.3152497985495568 0.10394586894586895 0.17465350523771153 0.008131054131054131
3 0.2776873489121676 0.10421652421652422 0.09689766317485898 0.006048433048433048
2 0.3937711522965351 0.10466096866096866 0.017445608380338436 0.0059458689458689465
3 0.2836623690572119 0.11522507122507122 0.11027800161160353 0.005860398860398861
2 0.16711925866236907 0.11623931623931624 0.020604351329572924 0.006843304843304843
2 0.3941257050765512 0.11633048433048433 0.01815471394037067 0.0070227920227920225
1 0.31517727639000803 0.11651566951566952 0.17577759871071716 0.008908831908831908
1 0.08945205479452055 0.11877777777777779 0.17890008058017726 0.01662962962962963
3 0.05927074939564868 0.1192022792022792 0.11854149879129736 0.012529914529914529
3 0.2499758259468171 0.12659544159544162 0.043618049959709915 0.006897435897435898
1 0.31505640612409347 0.12694017094017093 0.17482272360999196 0.008509971509971511
2 0.39396454472199843 0.1273931623931624 0.01783239323126511 0.006378917378917379
3 0.2447502014504432 0.13752706552706553 0.03459307010475423 0.006555555555555556
1 0.08792506043513296 0.13753561253561253 0.1758460918614021 0.008638176638176637
3 0.05446414182111201 0.13758689458689458 0.10893231265108784 0.00652991452991453
2 0.16610797743755035 0.13766096866096866 0.017868654311039484 0.007185185185185185
1 0.3149677679290894 0.13802849002849005 0.176071716357776 0.008934472934472934
2 0.39354149879129735 0.13870655270655272 0.018416599516518938 0.006746438746438746
1 0.08843271555197421 0.15179202279202278 0.17686543110394842 0.009193732193732195
3 0.05339645447219984 0.15186609686609687 0.10653102336825142 0.006253561253561253
2 0.16658340048348105 0.15233333333333335 0.018819500402900886 0.007185185185185185
3 0.299754230459307 0.17894017094017095 0.14246172441579372 0.0061111111111111106
2 0.3944399677679291 0.17922222222222223 0.01807010475423046 0.006324786324786324
1 0.3149153908138598 0.17935897435897435 0.17668412570507655 0.007507122507122508
3 0.033029814665592266 0.2012108262108262 0.06507655116841257 0.005783475783475784
1 0.08715954875100726 0.20125641025641025 0.17431909750201452 0.007213675213675214
2 0.1652095084609186 0.20151851851851854 0.01750201450443191 0.006398860398860399
3 0.07400483481063659 0.21511111111111111 0.14703062046736504 0.006541310541310541
1 0.08735294117647059 0.21583190883190884 0.17470185334407737 0.00747008547008547
2 0.16461724415793713 0.21629629629629632 0.01774375503626108 0.006612535612535613
3 0.02273972602739726 0.22962678062678063 0.043787268331990335 0.006965811965811966
1 0.08717163577759872 0.23004558404558406 0.17434730056406125 0.00788034188034188
2 0.1642425463336019 0.23034472934472935 0.017715551974214344 0.006376068376068376
3 0.25008863819500404 0.23529059829059829 0.03915793714746172 0.007162393162393163
2 0.39419822723609993 0.235991452991453 0.01830378726833199 0.00754985754985755
1 0.31616035455278 0.24134757834757833 0.1734488315874295 0.019783475783475783
2 0.16486704270749394 0.24468660968660969 0.017534246575342468 0.0067293447293447295
3 0.04457695406929895 0.24474643874643873 0.08674456083803385 0.006344729344729344
0 0.2894520547945205 0.24512535612535613 0.11716760676873489 0.011652421652421653
1 0.08627719580983077 0.24775498575498575 0.1725584206285254 0.014706552706552706
0 0.05527800161160354 0.25113105413105413 0.1088638195004029 0.004948717948717949
3 0.2606285253827558 0.2586239316239316 0.06095487510072522 0.005763532763532764
2 0.3939443996776793 0.2599116809116809 0.018505237711522966 0.007330484330484331
3 0.04665592264302981 0.26494586894586897 0.09304593070104754 0.005763532763532764
2 0.1648751007252216 0.2650968660968661 0.018976631748589847 0.006062678062678063
1 0.31613215149073326 0.2653988603988604 0.17339645447219984 0.020834757834757835
1 0.08854149879129734 0.26760683760683757 0.17538678485092668 0.0126011396011396
0 0.29869460112812246 0.2681595441595442 0.13637389202256245 0.012698005698005698
0 0.018609991941982273 0.2711253561253561 0.03481063658340049 0.004968660968660969