1 0.7257856567284449 0.28503133903133904 0.3563053988718775 0.014686609686609686
2 0.8831869460112813 0.2852792022792023 0.03858178887993554 0.011205128205128204
2 0.43024979854955686 0.28561823361823363 0.038045930701047545 0.01058974358974359
3 0.6367808219178083 0.2857008547008547 0.17765914585012085 0.010435897435897437
3 0.15869460112812248 0.28573789173789177 0.12770346494762289 0.013236467236467236
1 0.27410153102336826 0.29962962962962963 0.35963738920225624 0.04066951566951567
2 0.8830942788074134 0.3047321937321937 0.03839242546333602 0.011313390313390313
3 0.6908742949234489 0.3056068376068376 0.2859871071716358 0.012008547008547008
0 0.2740491539081386 0.3057863247863248 0.356539081385979 0.024538461538461537
1 0.7261200644641418 0.3124643874643875 0.35848912167606767 0.027737891737891738
0 0.6956768734891217 0.31935327635327637 0.2973972602739726 0.012527065527065527
1 0.7253384367445608 0.34512250712250714 0.3614705882352941 0.02657834757834758
3 0.6556406124093472 0.34536182336182336 0.21719580983078166 0.023854700854700855
3 0.1809266720386785 0.3483703703703704 0.1721917808219178 0.024686609686609687
2 0.8838154713940372 0.3517692307692308 0.04074939564867043 0.00988034188034188
2 0.43136583400483486 0.354968660968661 0.03753424657534246 0.010905982905982907
1 0.27384367445608376 0.35603988603988607 0.3621474617244158 0.03984045584045584
0 0.23259871071716356 0.36870085470085473 0.27450846091861403 0.012062678062678064
3 0.655112812248187 0.37112250712250716 0.21523368251410155 0.011188034188034188
2 0.883505237711523 0.3711965811965812 0.039218372280419016 0.009735042735042736
1 0.7262046736502821 0.377017094017094 0.35714343271555193 0.026042735042735042
0 0.6741458501208702 0.3847293447293448 0.2525987107171636 0.013293447293447292
2 0.8823932312651087 0.40387749287749286 0.03973811442385173 0.010433048433048433
3 0.6337107171635777 0.404011396011396 0.17152296535052378 0.012142450142450141
1 0.7263859790491539 0.4103190883190883 0.35902095084609187 0.028316239316239316
0 0.7249234488315874 0.4172820512820513 0.35415390813859793 0.011974358974358975
3 0.6564826752618856 0.4366951566951567 0.2186140209508461 0.012344729344729344
2 0.8777276390008057 0.43677207977207977 0.047780016116035454 0.008324786324786325
1 0.7241941982272361 0.4478148148148148 0.3576712328767123 0.03790598290598291
0 0.7186019339242546 0.4558774928774929 0.3423771152296535 0.021435897435897435
3 0.20076954069298952 0.529960113960114 0.21510878323932311 0.013236467236467236
2 0.4301047542304593 0.5301823361823362 0.03958904109589041 0.009555555555555555
1 0.2748831587429492 0.5431481481481482 0.3611966156325544 0.03987464387464388
0 0.24513698630136985 0.55008547008547 0.2987107171635778 0.024458689458689457
2 0.4302538275584207 0.575925925925926 0.03987912973408542 0.01115954415954416
3 0.1807050765511684 0.5763019943019942 0.172276390008058 0.010772079772079772
1 0.27375100725221596 0.589099715099715 0.36044721998388396 0.03825925925925926
0 0.26473811442385176 0.5949088319088319 0.33965350523771154 0.02313105413105413
3 0.6591377921031426 0.5975327635327635 0.22692586623690572 0.012871794871794871
2 0.8787389202256246 0.5978119658119658 0.047058823529411764 0.00901994301994302
3 0.16496776792908943 0.6221737891737892 0.13807816277195809 0.012168091168091168
1 0.7276148267526189 0.6236125356125356 0.36299758259468173 0.06464102564102564
0 0.21477437550362613 0.6357692307692309 0.2379895245769541 0.011415954415954416
0 0.7267002417405318 0.6370854700854701 0.3594439967767929 0.03966666666666666
1 0.27538678485092666 0.6422649572649572 0.3622078968573731 0.052626780626780625
2 0.4300040290088638 0.6478176638176638 0.04029814665592264 0.010740740740740742
3 0.6648831587429492 0.6695042735042736 0.2381224818694601 0.010780626780626782
0 0.7140370668815471 0.6891225071225072 0.3358622078968574 0.02368376068376068
1 0.7232312651087832 0.6892820512820513 0.35794923448831584 0.051042735042735043
2 0.8801087832393231 0.7083504273504273 0.040652699435938765 0.010883190883190884
2 0.8798267526188558 0.7672991452991452 0.04558017727639001 0.010444444444444444
3 0.6488396454472201 0.7678717948717949 0.20304593070104754 0.01108831908831909
1 0.7261482675261886 0.7873361823361824 0.3570265914585012 0.051145299145299146
0 0.7202377115229653 0.7933675213675213 0.3457211925866237 0.035860398860398865
2 0.8797622884770347 0.8269145299145298 0.046361804995970986 0.010692307692307692
3 0.6560797743755037 0.826954415954416 0.21942788074133762 0.01101994301994302
1 0.7246897663174859 0.8400427350427351 0.35714343271555193 0.03969230769230769
0 0.6648348106365833 0.8467635327635328 0.23752618855761481 0.02647863247863248
3 0.6230781627719582 0.8718461538461538 0.15290894439967767 0.012376068376068375
2 0.8797058823529411 0.8722450142450142 0.04441982272360999 0.01211111111111111
1 0.7250201450443191 0.8919230769230769 0.3562852538275584 0.05553276353276353
0 0.720761482675262 0.8996381766381767 0.3476430298146656 0.03879487179487179
3 0.17401692183722806 0.19387749287749287 0.1569661563255439 0.010826210826210826
2 0.43006043513295733 0.1944672364672365 0.04315874294923449 0.011937321937321936
1 0.2725261885576148 0.20742165242165242 0.3579975825946817 0.041735042735042735
0 0.24025382755842062 0.21468945868945868 0.2924214343271555 0.02491168091168091
3 0.6285213537469783 0.23963247863247863 0.16295729250604352 0.012005698005698007
2 0.8837308622078969 0.23980056980056982 0.0396696212731668 0.010780626780626782
3 0.1500201450443191 0.23995441595441597 0.11147058823529413 0.011743589743589744
2 0.4303102336825141 0.24015099715099714 0.03908138597904915 0.012125356125356127
1 0.7260717163577759 0.252031339031339 0.35990733279613213 0.038746438746438745
1 0.2709266720386785 0.25307407407407406 0.3578323932312651 0.04083475783475784
0 0.7062449637389203 0.2588433048433048 0.31592667203867847 0.02388603988603989
0 0.2696817082997583 0.2601025641025641 0.3504069298952458 0.02353276353276353