0 0.262723609991942 0.28494586894586893 0.480825946817083 0.010524216524216524
3 0.06610394842868654 0.29841880341880345 0.09039484286865432 0.010347578347578348
2 0.5720709105560032 0.29853846153846153 0.019713940370668814 0.008757834757834758
1 0.30398066075745367 0.30833333333333335 0.5661442385173248 0.02926210826210826
0 0.24406526994359387 0.31390598290598287 0.44350926672038676 0.018960113960113958
2 0.5716800966962128 0.33327920227920227 0.020217566478646254 0.009726495726495726
3 0.1576873489121676 0.33385754985754984 0.2696857373086221 0.011794871794871795
1 0.3031627719580983 0.3398689458689459 0.5683883964544723 0.021076923076923076
0 0.14044721998388396 0.34494017094017093 0.2362771958098308 0.008364672364672365
2 0.572409347300564 0.3564558404558405 0.020382755842062852 0.008575498575498577
3 0.06780016116035455 0.35699145299145296 0.08991136180499597 0.009646723646723646
1 0.30344883158742947 0.3606894586894587 0.5663779210314263 0.020695156695156695
0 0.14052780016116037 0.36746153846153845 0.23555600322320708 0.008307692307692308
3 0.07469379532634972 0.37762962962962965 0.10369460112812248 0.011641025641025642
2 0.5724456083803384 0.37885185185185183 0.016579371474617244 0.007689458689458689
1 0.3031506849315068 0.38377492877492875 0.5722360999194198 0.02301709401709402
0 0.2112449637389202 0.38894586894586897 0.37521756647864624 0.008056980056980058
3 0.07977437550362611 0.42793162393162393 0.11514907332796133 0.011754985754985755
2 0.5730539887187751 0.4282336182336182 0.017796132151490732 0.008703703703703703
1 0.3063698630136986 0.43281196581196585 0.5709226430298147 0.022430199430199433
0 0.12605560032232072 0.4393361823361823 0.20749395648670427 0.008615384615384615
3 0.11291700241740532 0.45033333333333336 0.18143029814665593 0.012712250712250711
2 0.571829170024174 0.4516182336182336 0.017929089443996776 0.007968660968660968
1 0.30686946011281224 0.4575470085470085 0.5680419016921837 0.021658119658119656
0 0.26595890410958906 0.46198575498575495 0.4846454472199839 0.008185185185185186
2 0.5769782433521353 0.4931367521367522 0.008851732473811443 0.00878917378917379
1 0.4395769540692989 0.49345299145299143 0.28569701853344076 0.01125071225071225
1 0.14519742143432715 0.4935356125356125 0.24858178887993554 0.011413105413105414
2 0.2634206285253827 0.4936524216524217 0.011575342465753424 0.009062678062678062
3 0.42954875100725226 0.49425356125356124 0.2612812248186946 0.009373219373219372
3 0.1349597099113618 0.4943105413105413 0.22513698630136986 0.01007977207977208
1 0.41055197421434325 0.5026752136752137 0.2276470588235294 0.011421652421652422
2 0.14120870265914587 0.5027635327635328 0.008058017727639 0.008857549857549857
1 0.08601128122481869 0.502980056980057 0.12891619661563256 0.009293447293447292
2 0.515511684125705 0.5031054131054131 0.008654311039484287 0.00862962962962963
3 0.40036261079774377 0.5038888888888889 0.20375100725221595 0.007871794871794872
3 0.07525785656728444 0.5044074074074074 0.10321514907332796 0.009501424501424502
2 0.5275382755842063 0.5134045584045583 0.008420628525382756 0.009743589743589744
2 0.24973408541498793 0.5135641025641026 0.009359387590652699 0.008535612535612537
3 0.12991136180499596 0.5136096866096866 0.2141982272360999 0.008321937321937322
3 0.40612409347300565 0.513957264957265 0.2152739726027397 0.008424501424501425
1 0.13976631748589846 0.5143333333333333 0.23384367445608378 0.011897435897435896
1 0.41439967767929087 0.5144102564102564 0.23792506043513295 0.01388034188034188
2 0.5730338436744561 0.054914529914529914 0.01904512489927478 0.010253561253561255
3 0.09222804190169218 0.05554131054131054 0.13876712328767124 0.011504273504273506
1 0.3065793714746172 0.06412250712250712 0.5704834810636583 0.03036182336182336
0 0.20651893634165996 0.07001139601139601 0.3666478646253022 0.017247863247863246
3 0.06635374697824335 0.08537037037037036 0.08830781627719582 0.010871794871794871
2 0.572163577759871 0.08618518518518518 0.021180499597099115 0.010678062678062678
1 0.3047300564061241 0.09045584045584046 0.5676470588235294 0.02104273504273504
0 0.2242908944399678 0.09654985754985755 0.4013053988718775 0.009566951566951566
2 0.5719863013698631 0.10892307692307693 0.019536663980660757 0.009558404558404558
3 0.1076027397260274 0.10975783475783475 0.16822723609991944 0.009404558404558404
1 0.3028686543110395 0.11438746438746439 0.5600483481063658 0.021401709401709403
0 0.1797945205479452 0.12051566951566951 0.3123126510878324 0.00864102564102564
2 0.5719460112812248 0.13203133903133904 0.01816680096696213 0.00827065527065527
3 0.10676873489121676 0.13215669515669515 0.1678485092667204 0.009435897435897435
1 0.303392425463336 0.13802849002849005 0.5610918614020951 0.020264957264957265
0 0.2521232876712329 0.14264957264957265 0.4587429492344883 0.010937321937321937
2 0.57267929089444 0.15434188034188034 0.020922643029814666 0.010868945868945868
3 0.08772360999194198 0.15472364672364675 0.13104754230459306 0.00980911680911681
1 0.305535858178888 0.1609031339031339 0.5705479452054795 0.02307977207977208
0 0.27752618855761485 0.16594871794871796 0.509552780016116 0.009307692307692308
2 0.5716398066075745 0.17796011396011396 0.02143029814665592 0.009692307692307693
3 0.13875100725221595 0.17836182336182335 0.2318130539887188 0.010492877492877492
1 0.3051450443190975 0.18213675213675212 0.5671837228041902 0.021695156695156696
0 0.16232473811442386 0.18854985754985754 0.28003223207091055 0.008156695156695157
3 0.09368251410153103 0.20136182336182334 0.1429613215149073 0.008988603988603988
2 0.5721474617244158 0.20136752136752137 0.01856970185334408 0.008085470085470085
1 0.3047743755036261 0.20496296296296296 0.5664423851732474 0.020757834757834756
0 0.21022159548751007 0.21187749287749288 0.3767082997582595 0.010333333333333335
2 0.5722562449637388 0.22382905982905982 0.02007655116841257 0.009162393162393161
3 0.21278807413376308 0.22485470085470086 0.3785898468976632 0.010296296296296296
1 0.30574939564867043 0.22934472934472935 0.5696817082997583 0.023846153846153847
0 0.1406204673650282 0.23500000000000001 0.23661966156325542 0.00897150997150997
3 0.12143029814665592 0.27297150997151 0.19975423045930701 0.008783475783475783
2 0.5714101531023368 0.2737321937321937 0.0183883964544722 0.012133903133903135
1 0.301539081385979 0.2786609686609687 0.5612651087832393 0.022903133903133904