0 0.2848066075745367 0.3021794871794872 0.02298549556809025 0.007846153846153846
2 0.32567284448025785 0.3025498575498576 0.018186946011281225 0.007433048433048433
3 0.18459307010475423 0.3030341880341881 0.06584206285253827 0.008014245014245015
1 0.24367848509266718 0.3032336182336182 0.19329975825946816 0.01776923076923077
0 0.2848549556809025 0.32114245014245013 0.023090249798549557 0.007282051282051282
2 0.32568090249798554 0.3223190883190883 0.018751007252215953 0.007327635327635328
3 0.20188960515713134 0.3226039886039886 0.09771152296535053 0.009054131054131054
1 0.24513295729250603 0.323014245014245 0.19031426269137794 0.018136752136752136
0 0.2847381144238517 0.339982905982906 0.02339242546333602 0.006478632478632478
2 0.3248871877518131 0.34096866096866096 0.019339242546333603 0.007683760683760683
1 0.24362610797743753 0.34146438746438745 0.1861200644641418 0.015846153846153847
3 0.19869460112812248 0.34148717948717944 0.0929532634971797 0.009871794871794872
0 0.28465350523771155 0.35946438746438747 0.023775181305398872 0.007729344729344729
2 0.32629331184528604 0.3601253561253561 0.018340048348106368 0.008279202279202279
3 0.19486704270749397 0.3605954415954416 0.08529814665592264 0.009219373219373219
1 0.24429895245769542 0.360957264957265 0.18864222401289282 0.01730769230769231
0 0.2845850120870266 0.3781481481481481 0.023090249798549557 0.007378917378917379
1 0.24618049959709912 0.37927920227920225 0.19240934730056405 0.018096866096866098
2 0.3260314262691378 0.37963532763532765 0.018360193392425464 0.008045584045584045
3 0.18920628525382757 0.3802307692307692 0.07469379532634972 0.008467236467236468
0 0.28467767929089444 0.39734472934472936 0.023279613215149073 0.006903133903133903
2 0.3255116841257051 0.3985584045584046 0.01895245769540693 0.008561253561253562
3 0.18819097502014503 0.39882905982905986 0.07195004029008864 0.0090997150997151
1 0.24622078968573732 0.40065242165242165 0.19366639806607575 0.01831908831908832
0 0.28526188557614823 0.4166923076923077 0.023356164383561643 0.007498575498575499
3 0.2033682514101531 0.4178005698005698 0.1033883964544722 0.009327635327635328
2 0.32613215149073327 0.418014245014245 0.020193392425463336 0.007831908831908832
1 0.24342465753424655 0.4191168091168091 0.1892546333601934 0.016307692307692308
0 0.2843875906526994 0.43571225071225067 0.023783239323126513 0.007051282051282051
2 0.3290531829170024 0.43680341880341883 0.012973408541498792 0.007695156695156696
3 0.18726833199033038 0.43703418803418803 0.06846897663174858 0.00931054131054131
1 0.24441176470588236 0.43724216524216525 0.19358581788879936 0.016450142450142452
0 0.28541095890410956 0.4553219373219373 0.02420225624496374 0.006632478632478633
2 0.32933521353746975 0.4556638176638177 0.012449637389202255 0.008088319088319088
1 0.24460918614020952 0.455977207977208 0.18925866236905722 0.018065527065527064
3 0.1861563255439162 0.45627920227920227 0.06678887993553587 0.008931623931623932
0 0.28513295729250604 0.47402849002849 0.024730056406124093 0.0074843304843304845
2 0.3292224012892828 0.4747321937321937 0.014399677679290896 0.007740740740740742
1 0.24664383561643835 0.474988603988604 0.1962771958098308 0.015467236467236467
3 0.177276390008058 0.4752421652421652 0.050116841257050765 0.008757834757834758
0 0.2846736502820306 0.07217948717948718 0.02653102336825141 0.006965811965811966
1 0.24418211120064462 0.07305698005698005 0.19076954069298954 0.0151994301994302
2 0.3258420628525383 0.07314529914529914 0.019065269943593876 0.007746438746438747
3 0.2044157937147462 0.07330769230769231 0.10222401289282837 0.00807122507122507
1 0.24298952457695408 0.09106837606837606 0.19074133763094278 0.017866096866096866
3 0.17649476228847705 0.09163247863247863 0.048013698630136985 0.009313390313390313
0 0.2842586623690572 0.09171509971509972 0.023529411764705882 0.0075527065527065534
2 0.32856567284448024 0.09180341880341882 0.013086220789685736 0.007344729344729345
1 0.24519339242546337 0.11053276353276353 0.1892546333601934 0.01594017094017094
0 0.284798549556809 0.11111396011396012 0.024061240934730055 0.007096866096866097
2 0.3288597904915391 0.11124786324786325 0.014222401289282835 0.007749287749287749
3 0.18112409347300565 0.11125641025641025 0.055096696212731666 0.007766381766381767
3 0.18472602739726027 0.129985754985755 0.06447622884770346 0.008282051282051282
1 0.24462530217566478 0.13006267806267804 0.1916559226430298 0.019139601139601142
2 0.32860596293311845 0.1301994301994302 0.014798549556809024 0.007168091168091168
0 0.2848992747784045 0.13028205128205128 0.02153908138597905 0.006948717948717949
0 0.284842868654311 0.14913390313390315 0.02469379532634972 0.0069344729344729345
3 0.1894802578565673 0.1496039886039886 0.07180902497985495 0.00749002849002849
2 0.3289927477840451 0.14968376068376069 0.013940370668815472 0.007264957264957265
1 0.24523771152296533 0.15022792022792023 0.191696212731668 0.016113960113960116
0 0.2846897663174859 0.16826210826210827 0.02329975825946817 0.008245014245014245
2 0.3293674456083803 0.16846438746438744 0.01468573730862208 0.0071111111111111115
1 0.24599919419822724 0.16872934472934473 0.19204270749395647 0.018094017094017093
3 0.19311845286059628 0.16882336182336183 0.08016921837228042 0.007447293447293448
2 0.32610394842868656 0.18710826210826212 0.01959307010475423 0.008227920227920228
0 0.28458098307816276 0.18733333333333332 0.02362610797743755 0.006367521367521368
1 0.2462167606768735 0.18827635327635328 0.19366236905721193 0.017994301994301992
3 0.18556406124093472 0.18833048433048433 0.06506043513295728 0.008361823361823362
0 0.28482675261885576 0.20624216524216524 0.023029814665592264 0.0060826210826210834
2 0.32623690572119257 0.20707692307692308 0.019858984689766317 0.00813960113960114
3 0.18131345688960515 0.2071908831908832 0.0571071716357776 0.007982905982905983
1 0.24487107171635777 0.20755840455840455 0.1933279613215149 0.01737037037037037
2 0.3292868654311039 0.22558119658119657 0.013984689766317487 0.007433048433048433
0 0.28536663980660754 0.22558689458689457 0.023021756647864624 0.006672364672364673
3 0.17927477840451247 0.22621937321937322 0.05466156325543916 0.009860398860398861
1 0.24423045930701046 0.22638461538461538 0.19558420628525383 0.018330484330484332
0 0.28513698630136985 0.2446296296296296 0.023106365834004834 0.007427350427350428
2 0.3288033843674456 0.2450683760683761 0.013561643835616437 0.007148148148148148
3 0.18269540692989525 0.24535327635327636 0.06150282030620468 0.010031339031339032
1 0.243972602739726 0.24665811965811965 0.19332393231265108 0.01802279202279202
0 0.2849838839645447 0.2636581196581197 0.022800161160354555 0.007769230769230769
3 0.17873489121676067 0.2643988603988604 0.05466559226430298 0.008484330484330485
2 0.32658340048348106 0.2644188034188034 0.02000402900886382 0.008136752136752136
1 0.24580177276390008 0.26518233618233616 0.1940088638195004 0.01671225071225071
0 0.28479049153908137 0.28314245014245015 0.023501208702659145 0.006712250712250712
3 0.1817767929089444 0.28355555555555556 0.05857775987107171 0.00831054131054131
2 0.32613215149073327 0.28374074074074074 0.019105560032232072 0.007911680911680912
1 0.24556003223207093 0.2842421652421653 0.19352538275584205 0.016475783475783476