3 0.05589041095890411 0.2863960113960114 0.07027800161160355 0.004136752136752137
2 0.16387187751813054 0.2864900284900285 0.011559226430298147 0.004321937321937322
1 0.09553988718775182 0.28913675213675216 0.15040692989524576 0.013891737891737891
0 0.08473408541498792 0.29245584045584044 0.12742546333601934 0.004877492877492878
3 0.23435132957292504 0.31074358974358973 0.04468170829975826 0.00541025641025641
2 0.3350926672038679 0.31113105413105413 0.010120870265914586 0.003908831908831909
1 0.2767969379532635 0.3135156695156695 0.13342062852538275 0.014233618233618234
0 0.2701450443190975 0.31824216524216525 0.11788477034649475 0.0037179487179487183
3 0.23367042707493957 0.3309002849002849 0.043319903303787266 0.005131054131054131
2 0.3352054794520548 0.3314957264957265 0.010169218372280419 0.005564102564102565
1 0.27612812248186946 0.33454700854700853 0.13012087026591457 0.013877492877492877
0 0.271696212731668 0.33822222222222226 0.11991539081385978 0.0038433048433048436
3 0.04126510878323932 0.07816809116809117 0.03780821917808219 0.005735042735042735
3 0.2320064464141821 0.0792079772079772 0.038920225624496374 0.004017094017094017
2 0.3388960515713135 0.07944159544159543 0.013432715551974216 0.005242165242165242
2 0.16680499597099113 0.0806980056980057 0.012598710717163578 0.003965811965811966
1 0.0979975825946817 0.08303418803418804 0.15402095084609185 0.01574928774928775
1 0.2788638195004029 0.08373504273504274 0.1369016921837228 0.015772079772079773
0 0.26348106365834006 0.08678062678062679 0.10348106365834003 0.007783475783475783
0 0.08409347300564061 0.08685754985754986 0.12077759871071715 0.0071794871794871795
3 0.04896454472199839 0.09813960113960114 0.054814665592264306 0.0050826210826210826
3 0.23597099113618047 0.09993162393162393 0.047925060435132956 0.004495726495726496
2 0.16719178082191782 0.1004045584045584 0.01337228041901692 0.004304843304843304
2 0.3367123287671233 0.10131623931623931 0.010672844480257855 0.004227920227920228
1 0.09873086220789686 0.10285185185185185 0.15614423851732473 0.016193732193732196
1 0.27769137792103143 0.10551851851851853 0.1325987107171636 0.017378917378917377
0 0.08096293311845286 0.10654985754985755 0.11612812248186946 0.007108262108262108
0 0.25190572119258664 0.10764102564102564 0.0808662369057212 0.007772079772079773
3 0.24287671232876715 0.12056695156695156 0.061200644641418216 0.004415954415954416
2 0.33872280419016926 0.1207037037037037 0.013485092667203867 0.0033703703703703704
1 0.2784891216760677 0.12505698005698004 0.1354955680902498 0.015413105413105414
0 0.26805801772763904 0.12832193732193733 0.11209911361804997 0.008544159544159543
3 0.03538275584206285 0.13985754985754986 0.02549959709911362 0.004304843304843304
3 0.23732876712328765 0.1399059829059829 0.050104754230459306 0.004396011396011396
2 0.3387147461724416 0.14046723646723647 0.013605962933118453 0.003626780626780627
2 0.16721998388396456 0.1424957264957265 0.012356970185334408 0.0038860398860398864
1 0.09794520547945205 0.1443048433048433 0.15261885576148268 0.013797720797720797
1 0.2785092667203868 0.14452136752136752 0.1368412570507655 0.016994301994301995
0 0.08180902497985496 0.14642735042735044 0.11835616438356164 0.006062678062678063
0 0.27342868654311037 0.1472763532763533 0.12338033843674456 0.0073760683760683765
2 0.16790088638195005 0.1576381766381766 0.014250604351329571 0.0038262108262108263
3 0.2367566478646253 0.15794301994301993 0.04735294117647059 0.004433048433048433
3 0.04635777598710717 0.15818233618233618 0.0474576954069299 0.004535612535612536
2 0.3390169218372281 0.15837321937321938 0.012598710717163578 0.004538461538461538
1 0.0989484286865431 0.1604900284900285 0.15397260273972604 0.009737891737891738
1 0.27930298146655924 0.16283475783475782 0.13386784850926672 0.015353276353276353
0 0.06441176470588235 0.16384045584045584 0.08463738920225625 0.004467236467236467
0 0.2652054794520548 0.16487464387464387 0.10478243352135375 0.008051282051282051
3 0.04034649476228848 0.17282051282051283 0.03543110394842869 0.00498005698005698
2 0.1663053988718775 0.17424501424501426 0.012671232876712329 0.0036524216524216526
1 0.09860193392425463 0.1770854700854701 0.15512892828364222 0.014182336182336183
0 0.08885173247381144 0.18074358974358973 0.13458904109589043 0.007925925925925927
3 0.04313053988718775 0.1912193732193732 0.04153505237711523 0.004595441595441595
2 0.16734891216760678 0.1915925925925926 0.013146655922643032 0.0034472934472934472
1 0.0984488315874295 0.1952849002849003 0.15523771152296537 0.015914529914529914
3 0.2307614826752619 0.19655840455840454 0.03751007252215954 0.0050341880341880346
2 0.33693392425463337 0.19658404558404557 0.01379532634971797 0.0043276353276353275
0 0.08616841257050765 0.19865527065527064 0.12707896857373088 0.007712250712250713
1 0.2782272360999194 0.19941880341880344 0.13432312651087833 0.014746438746438746
0 0.2679089443996777 0.2038091168091168 0.11234085414987913 0.00398005698005698
3 0.04651490733279613 0.20822792022792022 0.04616035455278001 0.004091168091168091
2 0.167143432715552 0.21000284900284902 0.012735697018533441 0.00347008547008547
1 0.09889202256244964 0.2126980056980057 0.15255439161966156 0.01456125356125356
3 0.23446817082997584 0.2151937321937322 0.042775987107171634 0.004746438746438746
2 0.33700644641418215 0.21535042735042734 0.013412570507655116 0.003923076923076923
0 0.08044721998388396 0.21588603988603988 0.11509669621273168 0.007273504273504274
1 0.2803062046736503 0.21892307692307691 0.135870265914585 0.013176638176638177
0 0.28003626107977436 0.2223019943019943 0.13505640612409348 0.0037891737891737895
3 0.05263497179693795 0.24902279202279204 0.06269137792103142 0.004501424501424501
2 0.16404512489927478 0.24983475783475784 0.009226430298146656 0.004227920227920228
2 0.33872280419016926 0.2501139601139601 0.012550362610797743 0.00441025641025641
3 0.23680902497985495 0.25086609686609684 0.049601128122481866 0.00552991452991453
1 0.09636986301369863 0.251982905982906 0.1507655116841257 0.01382051282051282
0 0.06843271555197421 0.2552877492877493 0.09375100725221595 0.004515669515669516
1 0.27867042707493955 0.25638176638176635 0.13455680902497988 0.019851851851851853
0 0.259709911361805 0.25992592592592595 0.09594278807413376 0.011512820512820512
3 0.04541095890410959 0.26591737891737893 0.049854955680902494 0.004527065527065527
2 0.16426269137792102 0.26656125356125354 0.010729250604351329 0.00452991452991453
1 0.09569298952457694 0.2698945868945869 0.15071716357775986 0.01413960113960114
3 0.2296091861402095 0.27324501424501424 0.03574133763094278 0.005145299145299145
2 0.3380539887187752 0.27342165242165245 0.01282433521353747 0.00398005698005698
0 0.08602739726027397 0.27367806267806266 0.13108380338436745 0.00752991452991453
1 0.2795688960515713 0.27796581196581194 0.1370064464141821 0.015985754985754986
0 0.255491539081386 0.2810940170940171 0.08750201450443192 0.008703703703703703