1 0.3160838033843674 0.28509686609686613 0.39306607574536667 0.008826210826210826
2 0.5003464947622884 0.2851766381766382 0.017469782433521354 0.006401709401709401
0 0.3322159548751007 0.2856267806267806 0.31319903303787267 0.0072991452991453
3 0.14345688960515712 0.28626210826210824 0.04432312651087832 0.006131054131054131
1 0.2952175664786463 0.2941253561253562 0.35025382755842066 0.008552706552706553
0 0.313682514101531 0.2943361823361823 0.2709629331184529 0.00703988603988604
2 0.4603021756647865 0.29443874643874646 0.017570507655116842 0.006635327635327635
3 0.14520145044319097 0.2950598290598291 0.047808219178082194 0.007267806267806268
1 0.2825423045930701 0.30229914529914526 0.32382352941176473 0.00886039886039886
2 0.4345124899274779 0.3032649572649573 0.017715551974214344 0.006606837606837607
3 0.1464464141821112 0.30329344729344726 0.05030217566478646 0.006663817663817664
0 0.30295326349717966 0.3034672364672365 0.24174053182917002 0.007008547008547009
3 0.1521514907332796 0.31231339031339034 0.060850120870265915 0.00823931623931624
1 0.39236099919419826 0.31564102564102564 0.5423811442385174 0.017213675213675214
0 0.3935213537469783 0.31595726495726495 0.5412731668009669 0.015068376068376068
2 0.1788436744560838 0.32002849002849004 0.015938759065269946 0.006603988603988604
2 0.4579734085414988 0.3291339031339031 0.016357775987107172 0.0071310541310541315
0 0.30869057211925865 0.3296951566951567 0.2727719580983078 0.008088319088319088
3 0.14257453666398065 0.3297207977207977 0.043420628525382754 0.007695156695156696
1 0.2935777598710717 0.3302763532763533 0.3469782433521354 0.009823361823361822
1 0.32829975825946817 0.3641025641025641 0.41642224012892826 0.007974358974358975
2 0.5257010475423046 0.3641737891737892 0.01903303787268332 0.007706552706552707
0 0.36896857373086217 0.36502279202279203 0.28625302175664785 0.006572649572649573
3 0.16653908138597906 0.36505413105413104 0.08962127316680096 0.008247863247863248
3 0.20903706688154716 0.37458404558404557 0.17548348106365835 0.007794871794871794
1 0.37870265914585016 0.3775071225071225 0.5172280419016921 0.016452991452991454
0 0.379129734085415 0.37758404558404557 0.5181869460112812 0.01578062678062678
2 0.1938074133763094 0.3823846153846154 0.019137792103142627 0.00694017094017094
1 0.3278887993553586 0.3903133903133903 0.4156003223207091 0.00845868945868946
2 0.5169178082191781 0.3904558404558405 0.01612409347300564 0.006621082621082621
0 0.36275584206285255 0.39095156695156696 0.2833158742949235 0.008484330484330485
3 0.16565269943593874 0.3913304843304843 0.08957695406929896 0.007148148148148148
1 0.383348106365834 0.3995641025641026 0.5265149073327962 0.0093988603988604
0 0.4413940370668815 0.39981196581196576 0.36096696212731666 0.0076410256410256415
2 0.6354633360193392 0.39987464387464383 0.016974214343271555 0.006555555555555556
3 0.18634971796937952 0.4001851851851852 0.127522159548751 0.007789173789173789
1 0.2544359387590653 0.4083390313390313 0.26914182111200646 0.009156695156695156
2 0.3803908138597905 0.40842450142450143 0.015531829170024172 0.006584045584045584
0 0.32800564061240933 0.4084501424501425 0.08255842062852538 0.007595441595441596
3 0.1993996776792909 0.4085982905982906 0.15706688154713938 0.007541310541310541
1 0.3254834810636584 0.4170883190883191 0.4112369057211926 0.008296296296296296
2 0.5188597904915391 0.4171566951566952 0.018287671232876713 0.00637037037037037
0 0.3556607574536664 0.41721937321937325 0.29800161160354555 0.007809116809116809
3 0.1589887187751813 0.4175783475783476 0.07452054794520548 0.005991452991452992
2 0.4843311845286059 0.4258005698005698 0.016482675261885574 0.005977207977207978
1 0.3070588235294118 0.42592022792022793 0.3735697018533441 0.00874074074074074
3 0.17403706688154713 0.4260341880341881 0.10548348106365835 0.0064444444444444445
0 0.3515672844480258 0.4262905982905983 0.23293714746172442 0.008005698005698007
1 0.3145487510072522 0.4336923076923077 0.3893634165995165 0.00935897435897436
2 0.4952780016116035 0.4343732193732194 0.018541498791297344 0.0060512820512820505
3 0.1641579371474617 0.4344358974358974 0.08744963738920226 0.006786324786324786
0 0.3496615632554392 0.4346923076923077 0.26587429492344883 0.008105413105413106
3 0.14684931506849316 0.44326495726495724 0.05283239323126511 0.006763532763532763
0 0.34587026591458503 0.4434444444444445 0.32566881547139404 0.00643019943019943
2 0.52151893634166 0.44355840455840456 0.01670427074939565 0.006743589743589744
1 0.3261200644641418 0.4443333333333333 0.4119218372280419 0.010846153846153846
2 0.19825141015310233 0.47387179487179487 0.01768331990330379 0.006401709401709401
2 0.33396051571313456 0.47411680911680915 0.01750604351329573 0.006888888888888889
3 0.15224012892828365 0.4742336182336182 0.06274375503626108 0.007125356125356126
1 0.16358581788879933 0.4742678062678063 0.093638195004029 0.009900284900284901
3 0.2818130539887188 0.4744273504273504 0.06841257050765512 0.006903133903133903
1 0.2953706688154714 0.4744358974358974 0.09919822723609992 0.010239316239316239
3 0.20462127316680098 0.5081737891737892 0.166651893634166 0.007330484330484331
1 0.3717485898468976 0.5121595441595441 0.5031788879935536 0.01847008547008547
0 0.3717365028203062 0.5122934472934473 0.5023730862207897 0.016581196581196583
2 0.4972199838839645 0.5176353276353277 0.018976631748589847 0.006743589743589744
3 0.164709911361805 0.5255213675213675 0.08595890410958903 0.006660968660968661
0 0.3469460112812248 0.5295014245014245 0.45409347300564057 0.016048433048433047
1 0.3485817888799355 0.5300997150997151 0.45457695406929893 0.01673789173789174
2 0.23319097502014505 0.5341766381766382 0.01686140209508461 0.00750997150997151
3 0.18775181305398872 0.5434415954415954 0.13377518130539887 0.007142450142450143
1 0.38311039484286863 0.5477378917378917 0.5236422240128928 0.018410256410256412
0 0.3813376309427881 0.5479145299145299 0.5215793714746172 0.017923076923076924
2 0.24863013698630138 0.5516495726495726 0.018424657534246575 0.007094017094017094
3 0.18099516518936343 0.5608575498575499 0.11939564867042707 0.007829059829059829
0 0.3492828364222401 0.5645356125356126 0.4574697824335214 0.015293447293447294
1 0.3499717969379533 0.565045584045584 0.4596253021756648 0.01701139601139601
2 0.36614826752618856 0.5686923076923077 0.018944399677679292 0.008256410256410256
2 0.6079734085414988 0.5770940170940171 0.018900080580177274 0.007384615384615385
1 0.3689443996776793 0.5776609686609686 0.49982675261885573 0.00864102564102564
0 0.42879935535858177 0.5780997150997151 0.33490330378726835 0.005974358974358974
3 0.18579371474617243 0.5783390313390313 0.13157937147461723 0.006826210826210826
2 0.4916921837228042 0.07071509971509972 0.01654311039484287 0.00547008547008547
1 0.31114826752618857 0.07115669515669515 0.3822925060435133 0.008794871794871794
3 0.2099838839645447 0.07176068376068376 0.17736905721192586 0.006341880341880342
0 0.3941458501208703 0.07213675213675214 0.17236502820306204 0.007096866096866097
2 0.5714302981466559 0.0797948717948718 0.017381144238517325 0.006558404558404558
0 0.4438235294117647 0.08009116809116809 0.2277518130539887 0.0071509971509971515
1 0.35097904915390815 0.08013105413105413 0.4619460112812248 0.009062678062678062
3 0.21986301369863015 0.0806980056980057 0.19626510878323933 0.006535612535612536
2 0.3330338436744561 0.08848717948717948 0.01823932312651088 0.006874643874643874
0 0.2754029008863819 0.08878917378917378 0.09266317485898469 0.006868945868945869
1 0.23330781627719582 0.08883190883190883 0.22833199033037874 0.008786324786324786
3 0.1699798549556809 0.08901994301994301 0.09649879129734085 0.0067179487179487175
2 0.4982393231265109 0.09702849002849002 0.01670829975825947 0.006276353276353276
0 0.3866800966962127 0.09768091168091168 0.19451248992747783 0.008188034188034187
3 0.20087429492344883 0.09782905982905983 0.1582876712328767 0.0060512820512820505
1 0.3147502014504432 0.09812820512820514 0.3886261079774376 0.009082621082621083
2 0.4408662369057212 0.10583190883190884 0.01749798549556809 0.006814814814814815
0 0.33413779210314265 0.10620797720797721 0.18340048348106366 0.007564102564102565
1 0.32355761482675266 0.10637891737891737 0.40710314262691377 0.007905982905982906
3 0.1771716357775987 0.10658404558404559 0.11174858984689767 0.00649002849002849
2 0.5258742949234488 0.11462393162393161 0.01680096696212732 0.006712250712250712
0 0.3597300564061241 0.11472934472934472 0.30442788074133764 0.006925925925925926
3 0.15908541498791298 0.11508831908831908 0.07643835616438356 0.007031339031339031
1 0.3284971796937953 0.11519088319088319 0.41699033037872685 0.010287749287749287
2 0.5852095084609186 0.1551851851851852 0.01734891216760677 0.0067492877492877495
0 0.3956406124093473 0.15569230769230769 0.3512409347300564 0.007766381766381767
1 0.35778404512489925 0.15572364672364672 0.47555600322320707 0.007826210826210826
3 0.16686543110394844 0.15584045584045583 0.0911361804995971 0.006233618233618233
2 0.4370265914585012 0.16367806267806267 0.016712328767123287 0.006663817663817664
1 0.28325946817083 0.16382336182336182 0.32737308622078964 0.008786324786324786
0 0.31054794520547946 0.164002849002849 0.2267566478646253 0.007923076923076923
3 0.15422240128928283 0.16403988603988603 0.06498791297340854 0.006780626780626781
3 0.1735737308622079 0.1726980056980057 0.1062812248186946 0.006413105413105413
2 0.4578686543110395 0.17282621082621083 0.016148267526188555 0.006062678062678063
1 0.294621273166801 0.17298005698005697 0.3483682514101531 0.008196581196581197
0 0.341450443190975 0.1731025641025641 0.20838033843674458 0.007225071225071225
2 0.4829975825946817 0.20612820512820512 0.018988718775181306 0.00743019943019943
1 0.30786059629331186 0.20649287749287748 0.37553988718775183 0.00972079772079772
3 0.16683722804190168 0.20662678062678064 0.09108380338436745 0.007205128205128205
0 0.3443875906526994 0.20672364672364674 0.24873489121676068 0.008621082621082621
2 0.41044319097502013 0.21473219373219374 0.01872683319903304 0.005740740740740741
1 0.2713255439161966 0.21488034188034189 0.30354955680902496 0.00968945868945869
0 0.295245769540693 0.21525925925925923 0.20391216760676875 0.007401709401709402
3 0.1522522159548751 0.21594301994301995 0.06277598710717164 0.006327635327635328
1 0.36533440773569703 0.22363532763532765 0.48940773569701856 0.009632478632478634
2 0.5978686543110395 0.22406267806267807 0.01765914585012087 0.006715099715099715
0 0.41195406929895245 0.22445014245014247 0.34420628525382757 0.00749002849002849
3 0.1760958904109589 0.22464102564102564 0.1087389202256245 0.006045584045584045
1 0.2846051571313457 0.23235042735042732 0.32794923448831587 0.009495726495726496
2 0.43823126510878324 0.23285185185185184 0.018259468170829976 0.006618233618233618
3 0.1759065269943594 0.23305413105413106 0.11008460918614021 0.006413105413105413
0 0.33381144238517324 0.23334472934472933 0.18102739726027398 0.0076011396011396015
0 0.24076954069298953 0.24146438746438745 0.08116035455278002 0.006772079772079772
2 0.2907413376309428 0.24147008547008544 0.016426269137792104 0.006168091168091167
1 0.2103424657534247 0.24161823361823362 0.18050362610797743 0.007410256410256411
3 0.15331184528605962 0.24166951566951567 0.06489524576954069 0.006569800569800569
1 0.3136623690572119 0.24974074074074076 0.38606365834004835 0.008381766381766383
2 0.4961764705882353 0.2498319088319088 0.016889605157131348 0.00643019943019943
0 0.34601128122481867 0.25007407407407406 0.2735414987912973 0.007527065527065528
3 0.16039484286865432 0.2504900284900285 0.07905721192586623 0.007746438746438747