1 0.11012892828364221 0.2907094017094017 0.20197421434327156 0.02070940170940171
0 0.06658742949234489 0.293985754985755 0.1148952457695407 0.006566951566951567
2 0.19575342465753426 0.0481994301994302 0.03149879129734086 0.0076210826210826215
3 0.07069298952457696 0.04856410256410257 0.12215954875100725 0.0076809116809116815
1 0.11058823529411765 0.056527065527065525 0.2028928283642224 0.024943019943019944
0 0.10511684125705076 0.060196581196581195 0.1910112812248187 0.013592592592592594
3 0.05104351329572925 0.0763076923076923 0.08191780821917807 0.007763532763532763
2 0.19594278807413376 0.07654985754985755 0.030938759065269945 0.007581196581196581
1 0.11110394842868654 0.08342450142450142 0.20298146655922644 0.023336182336182336
0 0.10500000000000001 0.08896866096866096 0.1879371474617244 0.012393162393162393
2 0.1959065269943594 0.10430199430199431 0.03275181305398872 0.007683760683760683
3 0.05451248992747784 0.10440740740740742 0.08979854955680902 0.007891737891737891
1 0.1103908138597905 0.11196581196581197 0.20344077356970186 0.024347578347578346
0 0.10567687348912168 0.11690883190883192 0.19118452860596294 0.012205128205128207
2 0.19548751007252216 0.1323048433048433 0.032856567284448024 0.007615384615384616
3 0.04922240128928284 0.13337891737891738 0.07827155519742143 0.008430199430199431
1 0.11086220789685738 0.14112820512820512 0.20344077356970186 0.024595441595441594
0 0.10470588235294118 0.14522222222222222 0.1911321514907333 0.014094017094017093
3 0.04949637389202256 0.20341880341880342 0.07788074133763095 0.006997150997150997
2 0.1956406124093473 0.20354415954415955 0.02844480257856567 0.007245014245014245
1 0.11101531023368252 0.2078917378917379 0.2046897663174859 0.022621082621082624
0 0.0931627719580983 0.21274928774928775 0.16615229653505237 0.007638176638176637
3 0.033211120064464146 0.22315954415954414 0.04719983883964545 0.007094017094017094
2 0.19549153908138597 0.2233874643874644 0.02814665592264303 0.006213675213675213
1 0.1109709911361805 0.2290997150997151 0.20365834004834812 0.020310541310541313
0 0.1090048348106366 0.2322849002849003 0.19972602739726028 0.007321937321937322
3 0.049637389202256244 0.24344159544159544 0.08004834810636584 0.006273504273504273
2 0.1954149879129734 0.2442905982905983 0.02799355358581789 0.006638176638176638
1 0.11057211925866237 0.2485954415954416 0.20380741337630945 0.017917378917378917
0 0.06629734085414989 0.25345014245014247 0.11337228041901691 0.0076011396011396015
3 0.051482675261885574 0.2632820512820513 0.08091055600322321 0.006572649572649573
2 0.19595487510072523 0.2641937321937322 0.02718372280419017 0.007726495726495727
1 0.11067284448025785 0.2691908831908832 0.2011764705882353 0.019054131054131052
0 0.10926672038678485 0.2732364672364672 0.19930701047542304 0.007125356125356126
3 0.030757453666398066 0.28425071225071225 0.03945608380338437 0.007789173789173789
2 0.19631748589846898 0.2845698005698006 0.029802578565672845 0.007091168091168091