1 0.20074939564867042 0.030820512820512822 0.10306204673650282 0.026304843304843305
0 0.1986422240128928 0.035193732193732195 0.09736905721192586 0.015467236467236467
3 0.05801369863013699 0.03736467236467236 0.05213537469782434 0.0035811965811965813
2 0.11360999194198228 0.03758404558404558 0.018835616438356163 0.0038433048433048436
1 0.07264705882352941 0.04294871794871795 0.10203464947622885 0.0156011396011396
0 0.06502014504431909 0.04537037037037037 0.08480660757453667 0.011213675213675214
3 0.05399677679290895 0.05827635327635328 0.044609186140209506 0.0036780626780626782
2 0.11423045930701047 0.0585014245014245 0.018058017727639 0.004310541310541311
2 0.24004834810636583 0.06129344729344729 0.015511684125705076 0.004011396011396011
3 0.15821917808219177 0.06151282051282051 0.015765511684125707 0.003735042735042735
1 0.19890008058017727 0.06313960113960114 0.09883561643835617 0.009743589743589744
0 0.1946253021756648 0.06554700854700854 0.0888235294117647 0.0036011396011396014
1 0.07253827558420628 0.066 0.10234891216760678 0.019977207977207978
0 0.07073730862207897 0.06841310541310541 0.09674858984689766 0.015396011396011395
2 0.24135777598710714 0.07386039886039886 0.017622884770346497 0.003641025641025641
3 0.1700805801772764 0.07403988603988604 0.03948025785656728 0.0034643874643874644
1 0.19999597099113617 0.07613390313390314 0.10155922643029815 0.008666666666666668
0 0.16487912973408542 0.07828205128205128 0.028827558420628525 0.004105413105413106
2 0.11387187751813053 0.08285470085470086 0.01759468170829976 0.0038005698005698007
3 0.06827155519742142 0.08298575498575497 0.0723972602739726 0.0033504273504273503
3 0.17306204673650283 0.08609686609686609 0.045950846091861404 0.00350997150997151
2 0.24122078968573732 0.08627065527065528 0.018106365834004833 0.0038547008547008543
1 0.20013698630136986 0.08822222222222223 0.10131345688960516 0.008407407407407409
1 0.0730177276390008 0.09050427350427351 0.10118452860596293 0.020492877492877495
0 0.15705882352941175 0.09068945868945869 0.014701853344077358 0.004133903133903134
0 0.06446817082997582 0.09302279202279203 0.08370265914585012 0.015578347578347577
2 0.24126913779210316 0.10356410256410256 0.018203062046736503 0.0034957264957264957
3 0.1665672844480258 0.10372649572649573 0.032707493956486706 0.0034643874643874644
1 0.20011684125705076 0.10385754985754986 0.10180096696212731 0.005094017094017094
3 0.057921031426269136 0.1069145299145299 0.0539685737308622 0.0035982905982905986
2 0.11383561643835617 0.10703988603988604 0.018025785656728445 0.004028490028490029
2 0.24110797743755033 0.11233903133903134 0.017377115229653507 0.0037464387464387467
3 0.16755439161966157 0.11278632478632479 0.034431909750201446 0.0037492877492877495
1 0.2000846091861402 0.11297435897435898 0.10014101531023369 0.005284900284900285
1 0.07311039484286866 0.11304558404558405 0.1034931506849315 0.016706552706552708
0 0.0642546333601934 0.1151054131054131 0.08428686543110395 0.011957264957264957
1 0.20066478646253022 0.12096866096866098 0.10183319903303788 0.005860398860398861
2 0.2414101531023368 0.1211994301994302 0.017731668009669622 0.0039943019943019945
3 0.17103142626913778 0.1215982905982906 0.04113215149073328 0.004256410256410256
3 0.04394842868654311 0.12762108262108263 0.023755036261079776 0.003108262108262108
2 0.11367848509266719 0.12776353276353275 0.018468976631748592 0.0041025641025641026
2 0.24140612409347298 0.1302934472934473 0.01797340854149879 0.003814814814814815
1 0.2002497985495568 0.13030769230769232 0.10206285253827559 0.004991452991452991
3 0.1809307010475423 0.1304900284900285 0.061941982272361 0.004028490028490029
1 0.07323529411764707 0.13373219373219372 0.10321917808219178 0.01635042735042735
0 0.05724012892828364 0.13556695156695156 0.07000805801772764 0.011686609686609688
3 0.17701450443190975 0.13913675213675214 0.0359508460918614 0.004811965811965812
1 0.19920225624496374 0.1469145299145299 0.10263497179693795 0.02090883190883191
0 0.19400080580177276 0.1473960113960114 0.08808219178082193 0.01056125356125356
2 0.11348912167606769 0.1477749287749288 0.018094278807413374 0.0038262108262108263
3 0.05348912167606768 0.1478831908831909 0.04434327155519742 0.0036866096866096866
1 0.07187751813053989 0.15434472934472934 0.10103142626913779 0.0165982905982906
2 0.24073327961321514 0.15550142450142448 0.01839242546333602 0.003413105413105413
0 0.07100322320709106 0.1560940170940171 0.0982836422240129 0.01172934472934473
2 0.24045930701047544 0.16024786324786325 0.018597904915390814 0.0036353276353276354
3 0.16764705882352943 0.16042165242165243 0.0348146655922643 0.0034074074074074076
1 0.20017727639000804 0.16046438746438746 0.10139000805801773 0.004028490028490029
3 0.05695809830781628 0.1775982905982906 0.05153908138597905 0.004811965811965812
2 0.11383158742949233 0.1778689458689459 0.018271555197421435 0.004279202279202279
1 0.07301369863013699 0.1840712250712251 0.10432715551974214 0.018757834757834758
0 0.0625825946817083 0.18640455840455838 0.08093875906526994 0.011903133903133904
3 0.05256647864625302 0.020450142450142452 0.041498791297340853 0.003455840455840456
2 0.11377115229653505 0.020663817663817665 0.01815471394037067 0.004415954415954416
3 0.1889000805801773 0.022535612535612533 0.06073730862207897 0.0078062678062678055
1 0.07255036261079774 0.023666666666666666 0.10451651893634167 0.013905982905982906
2 0.24139806607574535 0.024846153846153844 0.019472199838839646 0.004222222222222223
0 0.06794117647058823 0.026680911680911683 0.09140612409347301 0.007712250712250713