2 0.20387590652699436 0.2858034188034188 0.017530217566478646 0.008353276353276354
1 0.12986704270749394 0.28594301994301996 0.1739887187751813 0.011646723646723648
3 0.2686663980660758 0.2862108262108262 0.05813859790491539 0.006957264957264958
3 0.07657937147461724 0.2863988603988604 0.06374294923448832 0.009364672364672364
2 0.3903142626913779 0.2869373219373219 0.013686543110394843 0.00733903133903134
1 0.3187389202256245 0.2870598290598291 0.16047945205479452 0.00894017094017094
2 0.2032796132151491 0.2998005698005698 0.01700241740531829 0.007270655270655271
3 0.07991539081385979 0.3003048433048433 0.06945205479452055 0.00805982905982906
2 0.3891579371474617 0.3012079772079772 0.014029008863819501 0.007273504273504274
3 0.25933924254633356 0.30124216524216524 0.04043916196615633 0.007222222222222223
1 0.13037066881547138 0.30153276353276354 0.17219580983078162 0.01219088319088319
1 0.319508460918614 0.30158974358974355 0.16620870265914583 0.011316239316239316
2 0.2023166800966962 0.31351282051282053 0.01573730862207897 0.007498575498575499
3 0.08684528605962934 0.31439031339031337 0.08331587429492344 0.008464387464387465
1 0.12825543916196616 0.3151623931623932 0.1701853344077357 0.011925925925925927
2 0.38969782433521355 0.31647293447293445 0.013118452860596295 0.00731908831908832
3 0.27375100725221596 0.31667236467236465 0.07022159548751007 0.008287749287749288
1 0.31909750201450443 0.31776353276353275 0.16398468976631747 0.01376068376068376
2 0.20332796132151493 0.32736182336182335 0.018424657534246575 0.007054131054131055
3 0.10119661563255439 0.3277863247863248 0.11297340854149879 0.008843304843304842
1 0.12887187751813053 0.3281168091168091 0.1703545527800161 0.010723646723646724
2 0.39011684125705076 0.3314301994301994 0.017937147461724416 0.008156695156695157
3 0.2665068493150685 0.33144444444444443 0.054774375503626106 0.006680911680911681
1 0.32015310233682515 0.33246723646723647 0.163303787268332 0.010823361823361823
1 0.1298348106365834 0.15252421652421652 0.17088638195004027 0.012997150997150996
2 0.20319903303787268 0.15315099715099714 0.018138597904915392 0.008794871794871794
3 0.08095487510072523 0.15324501424501424 0.07307413376309428 0.008883190883190882
3 0.07263497179693795 0.1674729344729345 0.055241740531829175 0.0070427350427350426
2 0.20311442385173248 0.16801424501424503 0.016672038678485095 0.007735042735042734
1 0.12908944399677677 0.16834472934472935 0.17103142626913778 0.010623931623931623
2 0.20434327155519744 0.1819259259259259 0.02045124899274778 0.008361823361823362
3 0.09047139403706689 0.18202849002849 0.09152296535052377 0.0071709401709401715
1 0.13024576954069297 0.18260968660968663 0.1733440773569702 0.010501424501424501
2 0.2036301369863014 0.1964957264957265 0.0190290088638195 0.008427350427350426
3 0.08948025785656728 0.19674643874643877 0.08858984689766318 0.008843304843304842
1 0.12952054794520548 0.19706267806267808 0.1746897663174859 0.011735042735042734
2 0.20378323932312653 0.2103960113960114 0.017344883158742948 0.007618233618233617
3 0.09249395648670426 0.21086324786324787 0.09365431103948428 0.00931054131054131
1 0.12896051571313455 0.210997150997151 0.17575745366639808 0.010789173789173788
1 0.12963336019339242 0.27098860398860397 0.17071716357775987 0.010387464387464388
2 0.20370668815471396 0.27157549857549856 0.017856567284448024 0.00803988603988604
3 0.24955278001611603 0.2720797720797721 0.018956486704270747 0.007136752136752137
2 0.389129734085415 0.2721396011396012 0.013976631748589846 0.00776068376068376
3 0.08456889605157132 0.27253846153846156 0.07972199838839646 0.008056980056980058
1 0.318303787268332 0.2727920227920228 0.16100322320709107 0.010045584045584045