2 0.45057211925866236 0.3290626780626781 0.029391619661563256 0.0074444444444444445
1 0.36470991136180503 0.32982905982905986 0.20340048348106365 0.010857549857549857
3 0.29310233682514103 0.32988603988603993 0.056643835616438355 0.009085470085470086
2 0.4502699435938759 0.34092022792022797 0.030556003223207093 0.007336182336182336
1 0.364798549556809 0.3410769230769231 0.2035737308622079 0.008276353276353277
3 0.3213980660757454 0.34117948717948715 0.11500402900886382 0.008484330484330485
2 0.4500564061240935 0.35224501424501425 0.031023368251410152 0.008048433048433048
3 0.32707091055600324 0.35314529914529913 0.12458098307816276 0.007968660968660968
1 0.3659548751007252 0.35334757834757835 0.20500805801772765 0.008997150997150996
2 0.4486865431103949 0.36399430199430194 0.030842062852538276 0.007954415954415955
1 0.3660515713134569 0.3643675213675214 0.20519742143432715 0.009096866096866097
3 0.323593875906527 0.3658490028490029 0.11674053182917002 0.008925925925925926
2 0.44994359387590654 0.37584615384615383 0.03079774375503626 0.007606837606837607
1 0.36520950846091865 0.37613960113960115 0.20351329572925062 0.009447293447293446
3 0.32508863819500405 0.3762193732193732 0.12061240934730057 0.007102564102564103
2 0.4500684931506849 0.3873903133903134 0.03104351329572925 0.007501424501424501
3 0.30963738920225625 0.3880826210826211 0.0905962933118453 0.007632478632478633
1 0.36632151490733283 0.3882849002849003 0.2039645447219984 0.00929059829059829
2 0.45067284448025785 0.399002849002849 0.029593070104754232 0.008156695156695157
1 0.3670467365028203 0.39956695156695154 0.20541498791297338 0.010162393162393164
3 0.31554794520547946 0.40002849002849 0.1015269943593876 0.0077008547008547016
2 0.45046333601933924 0.41121937321937324 0.029170024174053184 0.008142450142450143
3 0.31249395648670425 0.41207122507122507 0.09542304593070104 0.009222222222222222
1 0.36786059629331186 0.4120997150997151 0.20881547139403706 0.01115954415954416
2 0.4517324738114424 0.1377863247863248 0.028166800966962127 0.00852991452991453
3 0.311317485898469 0.13862678062678063 0.09040692989524576 0.007703703703703703
1 0.36494762288477034 0.13873504273504272 0.20210314262691378 0.010427350427350428
2 0.45161966156325545 0.14954131054131053 0.030600322320709108 0.00821937321937322
3 0.3006285253827558 0.15046153846153845 0.06903303787268332 0.008803418803418802
1 0.3658178887993554 0.15055270655270656 0.20384770346494763 0.010242165242165244
2 0.45172038678485094 0.16159259259259262 0.0290290088638195 0.007874643874643875
3 0.32895648670427075 0.16198005698005696 0.12746575342465755 0.008649572649572649
1 0.36632957292506046 0.16206267806267807 0.20487107171635777 0.009441595441595441
2 0.4521232876712329 0.1732849002849003 0.02894842868654311 0.007433048433048433
3 0.30478243352135376 0.17362962962962963 0.08000402900886382 0.009381766381766382
1 0.3660233682514102 0.1737920227920228 0.20425060435132958 0.009703703703703704
2 0.45147461724415794 0.184997150997151 0.031192586623690573 0.00892022792022792
3 0.3248348106365834 0.1855868945868946 0.11832796132151491 0.008849002849002849
1 0.3663779210314263 0.1857350427350427 0.20319097502014505 0.01164957264957265
1 0.36593875906526996 0.23713675213675214 0.20763497179693796 0.011022792022792022
2 0.4529653505237711 0.23735327635327635 0.02442385173247381 0.008222222222222223
3 0.3020225624496374 0.2377948717948718 0.07714343271555198 0.008575498575498577
2 0.4532393231265109 0.24866951566951567 0.02586220789685737 0.008384615384615384
1 0.36663577759871074 0.2495014245014245 0.20725221595487509 0.009814814814814816
3 0.3136583400483481 0.24953846153846154 0.0995245769540693 0.008242165242165242
2 0.45297743755036257 0.2602991452991453 0.02533843674456084 0.007196581196581197
1 0.36589443996776794 0.2615527065527065 0.20576551168412568 0.009706552706552707
3 0.3286583400483481 0.26194301994301994 0.1304109589041096 0.009857549857549858
2 0.4531063658340048 0.2722621082621083 0.0229331184528606 0.008555555555555556
1 0.3645205479452055 0.27329059829059826 0.2047945205479452 0.011866096866096866
3 0.31790088638195 0.27398860398860403 0.10800966962127316 0.010131054131054132