1 0.08183319903303787 0.09125071225071225 0.11938759065269944 0.0043076923076923075
2 0.1364262691377921 0.09143304843304843 0.008368251410153103 0.0029829059829059833
3 0.050556003223207094 0.09188319088319089 0.054705882352941174 0.003584045584045584
1 0.17817082997582595 0.09205128205128206 0.03891619661563256 0.004225071225071225
1 0.17852135374697822 0.093997150997151 0.04089041095890411 0.008045584045584045
2 0.17820709105560031 0.09563817663817664 0.010217566478646252 0.0038290598290598287
1 0.08185334407735696 0.09586894586894587 0.11894439967767931 0.003603988603988604
2 0.13649879129734085 0.09594586894586894 0.007707493956486704 0.0030313390313390317
3 0.048440773569701855 0.09634472934472935 0.05008058017727639 0.0029999999999999996
1 0.08194198227236099 0.10002279202279202 0.118638195004029 0.0043760683760683755
2 0.1365511684125705 0.10014814814814814 0.007542304593070104 0.0028433048433048435
3 0.07078968573730862 0.10022507122507122 0.09543916196615633 0.003472934472934473
3 0.17823529411764705 0.10154415954415955 0.03117647058823529 0.0038404558404558408
1 0.17892828364222402 0.10310826210826211 0.03298549556809025 0.00849002849002849
2 0.13651893634165993 0.1042079772079772 0.008553585817888799 0.0027492877492877495
3 0.06837228041901691 0.10482905982905982 0.0903505237711523 0.004008547008547009
1 0.08250201450443191 0.10495726495726496 0.11975423045930701 0.003988603988603989
2 0.1777921031426269 0.10533333333333333 0.008904109589041096 0.003341880341880342
3 0.17839645447219982 0.11097150997150997 0.023924254633360193 0.0035356125356125357
1 0.17825141015310234 0.11237891737891738 0.02506849315068493 0.007809116809116809
2 0.17857775987107172 0.11450142450142449 0.009020950846091861 0.0035156695156695157
3 0.1779975825946817 0.11962962962962963 0.028662369057211926 0.004162393162393163
1 0.17847703464947623 0.12137606837606837 0.033533440773569706 0.008698005698005698
2 0.17835213537469782 0.12397435897435896 0.009540692989524577 0.0036153846153846154
2 0.13441982272361 0.12808547008547008 0.00813859790491539 0.0025783475783475785
1 0.08078968573730863 0.12814529914529915 0.11729653505237711 0.003735042735042735
3 0.03588235294117647 0.12832193732193733 0.025620467365028203 0.0030028490028490024
3 0.17802175664786463 0.1296951566951567 0.03337228041901692 0.0032763532763532763
1 0.1781668009669621 0.13125641025641024 0.03403303787268332 0.008905982905982907
2 0.13433118452860598 0.1321965811965812 0.007961321514907334 0.0029715099715099716
1 0.08126913779210315 0.13222507122507124 0.1172925060435133 0.00366951566951567
3 0.04781224818694601 0.1325128205128205 0.04918614020950846 0.0033504273504273503
2 0.17856164383561643 0.13315099715099715 0.009963738920225625 0.0038062678062678063
2 0.1346051571313457 0.1365071225071225 0.007973408541498792 0.003185185185185185
1 0.08126510878323932 0.1367179487179487 0.11726833199033038 0.004820512820512821
3 0.04257050765511684 0.1369173789173789 0.03851329572925061 0.0037094017094017094
2 0.1345608380338437 0.14066381766381766 0.00815068493150685 0.0030997150997150997
1 0.08095487510072523 0.14075213675213677 0.11666398066075745 0.004273504273504274
3 0.06417808219178082 0.14115669515669516 0.08191780821917807 0.0031225071225071226
3 0.05913376309427881 0.16153276353276355 0.07153908138597904 0.0039002849002849
1 0.0803505237711523 0.16160113960113962 0.11497179693795327 0.004849002849002849
2 0.13346494762288477 0.16184330484330486 0.007312651087832392 0.0024957264957264956
3 0.17817485898468977 0.16196296296296298 0.028436744560838032 0.003524216524216524
1 0.17870265914585012 0.16384330484330487 0.03200644641418211 0.008304843304843304
2 0.1786583400483481 0.16578062678062677 0.009186140209508462 0.0039544159544159544
2 0.1334488315874295 0.16614814814814813 0.007550362610797743 0.0030826210826210825
1 0.08067284448025785 0.16617663817663816 0.11561240934730056 0.004407407407407408
3 0.061289282836422244 0.1664273504273504 0.07614020950846091 0.0035982905982905986
2 0.1331587429492345 0.17044729344729345 0.007506043513295729 0.0028974358974358976
3 0.06335213537469783 0.1712336182336182 0.08056003223207091 0.003111111111111111
3 0.17834407735697017 0.17125356125356125 0.04508863819500403 0.0037720797720797723
1 0.08008460918614022 0.17233618233618234 0.11589041095890411 0.006786324786324786
1 0.17836825141015308 0.1732820512820513 0.046402095084609185 0.009022792022792023
0 0.03782836422240129 0.17423076923076922 0.028932312651087835 0.002925925925925926
2 0.19483078162771958 0.1755156695156695 0.009540692989524577 0.0032108262108262106
2 0.133593875906527 0.17746438746438745 0.007570507655116841 0.002797720797720798
3 0.060302175664786455 0.17794871794871794 0.0744601128122482 0.003145299145299145
1 0.08094681708299759 0.1791025641025641 0.11616035455278002 0.006270655270655271
3 0.1779975825946817 0.18071794871794875 0.011474617244157938 0.0033304843304843303
0 0.04961724415793715 0.18116239316239316 0.05250201450443191 0.0025698005698005697
1 0.1786784850926672 0.18221937321937323 0.015044319097502016 0.0076210826210826215
2 0.1783279613215149 0.1844074074074074 0.009979854955680902 0.003857549857549857