1 0.05221998388396455 0.0668091168091168 0.0890491539081386 0.005373219373219373
2 0.09065269943593876 0.06681196581196581 0.009004834810636584 0.0030968660968660965
3 0.03206285253827559 0.06699715099715099 0.044971796937953265 0.003054131054131054
1 0.16051168412570507 0.06963532763532763 0.0870064464141821 0.0052991452991453
2 0.19842868654311038 0.0697977207977208 0.009170024174053184 0.003438746438746439
3 0.13 0.06987464387464387 0.023585817888799356 0.002911680911680912
3 0.02783642224012893 0.07227635327635328 0.03844077356970185 0.0030626780626780625
2 0.0910515713134569 0.07234188034188034 0.009170024174053184 0.002903133903133903
1 0.05209911361804996 0.07256125356125356 0.09089846897663176 0.006128205128205128
2 0.198348106365834 0.07554985754985755 0.008593875906526993 0.00264957264957265
3 0.1393593875906527 0.07563817663817664 0.04423045930701048 0.003091168091168091
1 0.1601047542304593 0.07575213675213675 0.08762288477034649 0.005387464387464388
2 0.09039081385979049 0.07807692307692309 0.009105560032232072 0.003108262108262108
3 0.023759065269943595 0.0780997150997151 0.029810636583400482 0.0030227920227920224
1 0.05200241740531829 0.07852421652421653 0.0891337630942788 0.005455840455840456
1 0.16042707493956487 0.08090598290598291 0.08636583400483482 0.004894586894586894
3 0.1333682514101531 0.08092877492877493 0.03095890410958904 0.003008547008547009
2 0.19769943593875908 0.08101139601139602 0.008972602739726027 0.0029002849002849004
1 0.05193392425463336 0.08331054131054132 0.08869057211925865 0.005182336182336183
3 0.035467365028203066 0.08364387464387464 0.053706688154713945 0.0031054131054131053
2 0.09073327961321515 0.0838974358974359 0.009375503626107977 0.0030427350427350425
1 0.1601651893634166 0.08636752136752136 0.0863215149073328 0.004341880341880342
3 0.12887590652699435 0.08656695156695157 0.023275584206285255 0.0028632478632478636
2 0.19819097502014504 0.0865954415954416 0.009323126510878323 0.002811965811965812
2 0.08990330378726832 0.08905128205128204 0.008968573730862208 0.0032763532763532763
1 0.05204270749395648 0.08905698005698005 0.08794923448831587 0.005358974358974359
3 0.028352135374697825 0.0892022792022792 0.039798549556809025 0.002988603988603989
2 0.1981587429492345 0.09202279202279202 0.00879935535858179 0.003646723646723647
1 0.1604512489927478 0.09234188034188034 0.08736099919419824 0.005492877492877493
3 0.13052377115229652 0.09243589743589743 0.024379532634971796 0.0035213675213675213
1 0.052195809830781634 0.09423931623931624 0.08974214343271555 0.005740740740740741
3 0.027087026591458504 0.0948005698005698 0.03726430298146656 0.003068376068376068
2 0.09106365834004836 0.09492592592592593 0.0091941982272361 0.002883190883190883
2 0.19877115229653505 0.09775213675213676 0.008811442385173248 0.0031994301994301994
3 0.14284448025785657 0.09782621082621083 0.05120870265914585 0.0032108262108262106
1 0.16032634971796939 0.09783190883190883 0.08711522965350524 0.0043276353276353275
1 0.05176067687348912 0.099997150997151 0.08956083803384367 0.005712250712250713
2 0.08958904109589041 0.10030484330484331 0.009391619661563254 0.0031225071225071226
1 0.15628525382755842 0.12523646723646722 0.08857373086220789 0.005478632478632479
3 0.1356607574536664 0.12533903133903135 0.045048348106365835 0.0029401709401709404
2 0.1940733279613215 0.12540170940170942 0.008843674456083804 0.002977207977207977
1 0.05057614826752619 0.12592877492877494 0.0837993553585818 0.0051794871794871794
3 0.018513295729250607 0.1264900284900285 0.017457695406929895 0.003054131054131054
2 0.08647058823529412 0.12656125356125356 0.0090290088638195 0.0029002849002849004
1 0.15616035455278002 0.1305099715099715 0.08879935535858179 0.005225071225071225
2 0.19455680902497985 0.13077777777777777 0.008964544721998388 0.0026951566951566954
3 0.13127719580983077 0.13082905982905982 0.03828364222401289 0.0030940170940170937
1 0.050878323932312654 0.13167521367521368 0.08631345688960515 0.005196581196581196
2 0.08798549556809025 0.1319088319088319 0.00879129734085415 0.002817663817663818
3 0.033698630136986304 0.1319173789173789 0.0498348106365834 0.003339031339031339
2 0.19396051571313458 0.13646153846153847 0.009016921837228041 0.002814814814814815
1 0.15596293311845286 0.1365156695156695 0.0884085414987913 0.0047492877492877495
3 0.12724012892828365 0.13660968660968661 0.029838839645447222 0.002928774928774929
1 0.05156728444802578 0.1371054131054131 0.0876873489121676 0.004242165242165243
3 0.025362610797743757 0.13745584045584047 0.031700241740531834 0.002945868945868946
2 0.08883158742949233 0.1375982905982906 0.00879129734085415 0.002737891737891738
1 0.15565672844480258 0.14177777777777778 0.08875503626107976 0.005492877492877493
3 0.13908541498791296 0.14184615384615384 0.05389605157131346 0.0032222222222222222
2 0.1942747784045125 0.141982905982906 0.00935132957292506 0.002868945868945869
1 0.05122884770346495 0.1427977207977208 0.08605962933118452 0.0055042735042735045
2 0.08858581788879935 0.1431025641025641 0.009270749395648672 0.0032307692307692306
3 0.024238517324738112 0.14312820512820512 0.029089443996776793 0.003458689458689459
1 0.156071716357776 0.14743019943019944 0.08958098307816277 0.005324786324786325
2 0.19493150684931507 0.14754985754985755 0.00886784850926672 0.002974358974358974
3 0.1318170829975826 0.14771509971509972 0.03973005640612409 0.003227920227920228
2 0.08896454472199838 0.14885470085470087 0.008932312651087832 0.0032735042735042735
3 0.0261361804995971 0.149005698005698 0.032780016116035454 0.0039031339031339028
1 0.05205882352941177 0.1492820512820513 0.08676067687348912 0.005210826210826211
3 0.1308058017727639 0.15323076923076925 0.037522159548751 0.0029173789173789176
1 0.15616438356164383 0.15328205128205127 0.08880741337630943 0.004538461538461538
2 0.19470588235294117 0.15329914529914532 0.008662369057211926 0.0026695156695156694
2 0.19455278001611603 0.15869800569800568 0.008839645447219985 0.0027806267806267807
1 0.15620870265914585 0.15876068376068375 0.0898549556809025 0.005373219373219373
3 0.13003223207091055 0.15887749287749287 0.03651893634165995 0.003384615384615385