3 0.1150846091861402 0.029529914529914533 0.1578525382755842 0.019028490028490032
1 0.15786059629331184 0.05411680911680911 0.2432433521353747 0.06946438746438746
0 0.15736905721192584 0.054498575498575494 0.2422522159548751 0.026974358974358976
2 0.06954069298952457 0.08104273504273504 0.06026591458501209 0.015273504273504273
3 0.11120870265914584 0.11656980056980058 0.14802578565672844 0.019173789173789174
0 0.11441579371474618 0.13274643874643874 0.15443593875906528 0.013264957264957265
1 0.11603948428686543 0.1333190883190883 0.1576873489121676 0.05501424501424501
2 0.06842062852538275 0.15145299145299146 0.06301369863013699 0.017096866096866097
3 0.14361402095084608 0.1992706552706553 0.19626913779210314 0.01278062678062678
1 0.14613215149073328 0.209019943019943 0.20461321514907332 0.034623931623931625
2 0.0771273166800967 0.21807122507122506 0.0599798549556809 0.016803418803418804