2 0.09521756647864626 0.03496866096866097 0.012864625302175664 0.0037806267806267807
3 0.0749798549556809 0.03505128205128205 0.025596293311845285 0.0031196581196581193
1 0.08251813053988719 0.03531908831908832 0.04143835616438356 0.0064843304843304845
2 0.08992747784045124 0.04272364672364672 0.012808219178082192 0.003165242165242165
3 0.07244963738920225 0.042763532763532765 0.02024576954069299 0.003247863247863248
1 0.08012489927477841 0.04294301994301994 0.03664786462530217 0.005037037037037037
2 0.09688557614826752 0.05124786324786325 0.012985495568090248 0.0036752136752136754
3 0.07593473005640612 0.05146438746438746 0.027219983883964547 0.0034871794871794873
1 0.08332393231265109 0.05149572649572649 0.043875906526994364 0.005447293447293448
2 0.09325141015310233 0.05907122507122507 0.013609991941982274 0.004230769230769231
3 0.07404512489927478 0.059396011396011396 0.024315068493150686 0.0038461538461538464
1 0.08183722804190169 0.059792022792022795 0.041732473811442385 0.006515669515669516
1 0.07563658340048347 0.08724786324786325 0.028501208702659143 0.006062678062678063
2 0.0808662369057212 0.08728205128205128 0.013102336825141017 0.004008547008547009
3 0.06813859790491539 0.08762393162393163 0.0101651893634166 0.0034472934472934472
2 0.09448025785656729 0.0968945868945869 0.013730862207896856 0.004005698005698006
3 0.07492747784045124 0.09709401709401709 0.0237389202256245 0.0035783475783475785
1 0.08349717969379533 0.09726210826210825 0.044222401289282835 0.006760683760683761
2 0.09579371474617243 0.10628774928774928 0.013722804190169219 0.00398005698005698
3 0.07510878323932312 0.10639601139601139 0.025269943593875906 0.003988603988603989
1 0.08325946817082998 0.10677777777777778 0.04250604351329573 0.006458689458689459
2 0.08116438356164384 0.11477207977207977 0.0058058017727639 0.003373219373219373
3 0.0698549556809025 0.1147920227920228 0.014174053182917002 0.003415954415954416
1 0.07342465753424658 0.11520512820512821 0.027393231265108783 0.006908831908831909
1 0.08413779210314264 0.027698005698005696 0.04508863819500403 0.005011396011396011
3 0.0760958904109589 0.02782905982905983 0.027828364222401286 0.003145299145299145
2 0.09695809830781628 0.027843304843304845 0.012542304593070104 0.0033817663817663816