3 0.24353746978243354 0.29107122507122507 0.0767566478646253 0.004424501424501424
2 0.35308219178082195 0.2930569800569801 0.01017324738114424 0.004905982905982906
1 0.2822643029814666 0.29571509971509974 0.15384770346494764 0.015282051282051283
3 0.23197018533440775 0.31007407407407406 0.05177276390008058 0.003957264957264958
2 0.35280016116035456 0.3114102564102564 0.012292506043513297 0.00366951566951567
1 0.2825020145044319 0.3145783475783476 0.15396051571313457 0.015133903133903134
3 0.254754230459307 0.32782905982905985 0.098883964544722 0.0044928774928774924
2 0.35346091861402096 0.3290626780626781 0.012272360999194199 0.0041908831908831915
1 0.2826148267526189 0.32994301994301994 0.15543916196615634 0.010378917378917378
3 0.2629371474617244 0.3436125356125356 0.115245769540693 0.004145299145299146
2 0.3536140209508461 0.344991452991453 0.011684125705076551 0.004743589743589743
1 0.2821474617244158 0.34785754985754985 0.15495165189363416 0.01395156695156695
1 0.27174053182917 0.03613960113960114 0.13324738114423854 0.006507122507122507
3 0.21560838033843674 0.03618518518518519 0.018118452860596292 0.003951566951566951
2 0.3313013698630137 0.036193732193732196 0.01088638195004029 0.0037663817663817667
2 0.33104754230459305 0.043584045584045585 0.009484286865431103 0.003373219373219373
3 0.22103948428686543 0.044 0.02960112812248187 0.004498575498575498
1 0.2704431909750202 0.04405413105413105 0.13783239323126512 0.007276353276353276
2 0.18147461724415795 0.04992877492877493 0.005032232070910556 0.004361823361823362
3 0.0599798549556809 0.05019658119658119 0.04565672844480258 0.0039943019943019945
2 0.3318009669621273 0.05175498575498575 0.010987107171635778 0.002954415954415954
1 0.1109307010475423 0.051777777777777784 0.14836019339242548 0.010903133903133903
1 0.2717244157937147 0.051937321937321944 0.13455680902497988 0.006165242165242165
3 0.21840451248992748 0.052133903133903134 0.02185737308622079 0.004373219373219373
2 0.33102739726027397 0.05927635327635328 0.009891216760676873 0.00345014245014245
3 0.22834407735697018 0.05974358974358974 0.043279613215149074 0.004945868945868946
1 0.2711804995970991 0.059849002849002846 0.13078968573730862 0.006173789173789174
3 0.04948025785656728 0.06362393162393162 0.02620870265914585 0.004182336182336183
2 0.18188557614826753 0.06412535612535612 0.004073327961321514 0.003658119658119658
1 0.11008460918614021 0.06606837606837607 0.1497945205479452 0.01007977207977208
2 0.33116841257050766 0.0673048433048433 0.01017324738114424 0.00433048433048433
3 0.23249798549556808 0.06774074074074074 0.051486704270749396 0.005011396011396011
1 0.27180902497985493 0.06781196581196582 0.13069701853344076 0.006293447293447293
2 0.33118855761482674 0.075 0.010213537469782433 0.0035925925925925925
3 0.22900483481063658 0.0754131054131054 0.044298952457695405 0.0045925925925925926
1 0.2719460112812248 0.07563247863247864 0.13141821112006447 0.006754985754985755
2 0.18157937147461725 0.07637606837606838 0.0039041095890410956 0.003182336182336182
3 0.04938759065269944 0.07726210826210826 0.02354552780016116 0.004792022792022792
1 0.11032634971796937 0.07944159544159543 0.14759871071716357 0.010264957264957266
2 0.3306607574536664 0.0827920227920228 0.010052377115229653 0.0030455840455840453
3 0.2227034649476229 0.08342450142450142 0.03138195004029009 0.004222222222222223
1 0.270334407735697 0.08376638176638176 0.1331184528605963 0.007524216524216525
3 0.0572723609991942 0.08947863247863248 0.04148267526188557 0.0043076923076923075
2 0.1808662369057212 0.09057834757834758 0.0038195004029008867 0.003128205128205128
2 0.331248992747784 0.09072364672364672 0.010334407735697018 0.003415954415954416
3 0.21414182111200644 0.09093732193732193 0.013952457695406931 0.004162393162393163
1 0.2717687348912167 0.09102849002849002 0.13151087832393232 0.005920227920227921
1 0.1098146655922643 0.09150142450142451 0.14701853344077356 0.010034188034188034
2 0.3311402095084609 0.09853276353276354 0.01056406124093473 0.003857549857549857
3 0.22756647864625304 0.09858119658119657 0.04172441579371475 0.004148148148148148
1 0.27174053182917 0.0986980056980057 0.13190572119258662 0.006401709401709401
3 0.051680096696212735 0.1012962962962963 0.029673650282030624 0.004333333333333334
1 0.10979049153908138 0.10176638176638177 0.14697421434327157 0.006843304843304843
2 0.18018936341659952 0.10246723646723647 0.003803384367445608 0.0035042735042735045
2 0.33106365834004836 0.1063019943019943 0.009069298952457696 0.003267806267806268
3 0.22028203062046736 0.10654131054131054 0.025918614020950845 0.004333333333333334
1 0.27149879129734084 0.10688319088319088 0.13052377115229652 0.006962962962962963
3 0.22356567284448026 0.11419373219373219 0.033106365834004836 0.004116809116809117
2 0.3310797743755036 0.11446153846153846 0.009544721998388397 0.0034643874643874644
1 0.27150282030620465 0.11455840455840456 0.13097904915390812 0.006182336182336182
3 0.22472602739726028 0.1219002849002849 0.03543110394842869 0.003794871794871795
2 0.3314222401289283 0.12200000000000001 0.01023368251410153 0.003361823361823362
1 0.2721796937953263 0.12217948717948719 0.1309911361804996 0.005931623931623932
2 0.33108380338436744 0.1297008547008547 0.01 0.0035811965811965813
1 0.27196212731668007 0.12971794871794873 0.13145447219983883 0.005515669515669516
3 0.22496373892022564 0.12997435897435897 0.036833199033037875 0.003985754985754986
3 0.07523368251410152 0.13504843304843303 0.07863819500402901 0.004735042735042735
2 0.1845245769540693 0.13585185185185183 0.012925060435132956 0.005133903133903134
3 0.21933521353746976 0.13753561253561253 0.02557614826752619 0.004242165242165243
2 0.3312449637389202 0.13758404558404558 0.009879129734085414 0.004168091168091168
1 0.11290088638195005 0.13773789173789172 0.15542707493956487 0.011433048433048433
1 0.2721958098307816 0.13792877492877492 0.13236502820306204 0.005837606837606838
3 0.06348509266720387 0.15198290598290598 0.053291700241740535 0.004943019943019943
2 0.33157534246575343 0.15315954415954416 0.010539887187751814 0.003384615384615385
2 0.18491539081385977 0.15320797720797721 0.011913779210314264 0.004111111111111111
1 0.1138436744560838 0.1544017094017094 0.15452860596293314 0.010829059829059828
1 0.27280419016921836 0.1573105413105413 0.13313456889605157 0.013897435897435898
3 0.2357010475423046 0.1574216524216524 0.058614020950846085 0.012319088319088319
3 0.06997582594681709 0.166974358974359 0.06564867042707494 0.005193732193732194
2 0.33126510878323934 0.16843874643874646 0.009472199838839646 0.003584045584045584
1 0.2722481869460113 0.16873789173789172 0.1329170024174053 0.005766381766381766
3 0.2259105560032232 0.1687920227920228 0.03810233682514101 0.00401994301994302
2 0.18504029008863818 0.16936752136752137 0.010825946817082998 0.004809116809116809
1 0.11396454472199839 0.17004558404558404 0.15442788074133765 0.012809116809116809
2 0.3312167606768735 0.17653846153846153 0.009818694601128122 0.003341880341880342
3 0.22825141015310232 0.1768262108262108 0.04278404512489927 0.005011396011396011
1 0.27175261885576146 0.17713675213675215 0.1323771152296535 0.006119658119658119
3 0.06601531023368251 0.18304558404558405 0.05680096696212731 0.0045527065527065525
2 0.18515713134568895 0.18608547008547008 0.011059629331184529 0.005358974358974359
1 0.11381144238517325 0.18659259259259262 0.15367042707493958 0.0127008547008547
3 0.222812248186946 0.19237321937321938 0.031599516518936346 0.004404558404558404
1 0.27191377921031423 0.1924273504273504 0.1322522159548751 0.006658119658119658
2 0.33135777598710714 0.1924273504273504 0.010547945205479452 0.0034957264957264957
3 0.04790088638195004 0.19834757834757835 0.021809024979854957 0.004333333333333334
1 0.27191780821917805 0.200002849002849 0.1318130539887188 0.006002849002849003
2 0.3310314262691378 0.20005698005698008 0.010346494762288477 0.004210826210826211
3 0.22492747784045125 0.2001851851851852 0.03645044319097502 0.004515669515669516
1 0.11425060435132957 0.20129914529914528 0.15455278001611605 0.011441595441595441
2 0.18483078162771957 0.20393162393162392 0.012195809830781628 0.005005698005698006
1 0.11400080580177276 0.21392592592592594 0.1553908138597905 0.0057008547008547015
2 0.18542304593070105 0.214008547008547 0.010697018533440773 0.003971509971509971
3 0.06103142626913779 0.21403988603988602 0.04776390008058018 0.005119658119658119
3 0.05091458501208703 0.2251025641025641 0.026909750201450446 0.004726495726495726
2 0.1846132151490733 0.2263931623931624 0.011756647864625302 0.004387464387464388
1 0.11379532634971797 0.2272108262108262 0.153638195004029 0.010452991452991452
2 0.18404512489927477 0.2384017094017094 0.011966156325543915 0.005324786324786325
3 0.05657534246575342 0.23842735042735042 0.03946817082997582 0.0044928774928774924
1 0.11325946817082998 0.2419202279202279 0.1543553585817889 0.01290883190883191
2 0.1843593875906527 0.25153276353276355 0.011248992747784046 0.004076923076923077
1 0.11525785656728445 0.2531994301994302 0.15555197421434327 0.009538461538461537
3 0.23711120064464142 0.2551025641025641 0.06112812248186946 0.004179487179487179
3 0.05991539081385979 0.25513675213675213 0.04429089443996777 0.004686609686609686
2 0.3539846897663175 0.2557464387464387 0.013323932312651087 0.004598290598290598
1 0.28290088638195005 0.25862108262108263 0.15556406124093475 0.01413960113960114
3 0.24088235294117646 0.27323931623931624 0.0714464141821112 0.0037293447293447295
2 0.35325141015310235 0.27453561253561254 0.011853344077356972 0.004547008547008547
1 0.282389202256245 0.2775584045584046 0.15588235294117647 0.01501994301994302