2 0.2028082191780822 0.31171225071225067 0.01217969379532635 0.006723646723646724
2 0.25910153102336825 0.31177207977207977 0.01847703464947623 0.006347578347578348
1 0.2939887187751813 0.31182905982905984 0.09065672844480258 0.00878062678062678
3 0.31263900080580176 0.31196296296296294 0.04830781627719581 0.006170940170940171
3 0.14112409347300564 0.31197720797720796 0.05368251410153103 0.007253561253561254
1 0.16079371474617243 0.31226495726495723 0.09779210314262692 0.00964957264957265
1 0.15325141015310234 0.3243133903133903 0.1125624496373892 0.009253561253561252
2 0.2563215149073328 0.3244131054131054 0.011357775987107173 0.007438746438746439
2 0.20298952457695407 0.32443874643874643 0.011796937953263498 0.006857549857549858
3 0.13414585012087027 0.32455840455840457 0.07031426269137793 0.006569800569800569
1 0.3058420628525383 0.32456410256410256 0.11077356970185334 0.009754985754985755
3 0.32417405318291703 0.3247407407407407 0.07138195004029009 0.006407407407407407
2 0.2026027397260274 0.33730484330484334 0.012514101531023367 0.006740740740740741
3 0.13661966156325542 0.3376866096866097 0.06257856567284448 0.006447293447293447
3 0.3064705882352941 0.3377578347578348 0.03746575342465753 0.005532763532763533
2 0.25582997582594685 0.3378034188034188 0.013831587429492344 0.00650997150997151
1 0.15639403706688154 0.337951566951567 0.10690975020145045 0.009501424501424502
1 0.2887389202256245 0.33795726495726497 0.07895648670427075 0.007823361823361824
2 0.20287671232876714 0.35043019943019943 0.012316680096696214 0.007136752136752137
2 0.25652296535052377 0.35078632478632477 0.012441579371474616 0.006393162393162393
3 0.13112409347300563 0.35079772079772076 0.07620870265914585 0.006817663817663818
3 0.31864625302175664 0.35085754985754986 0.06032634971796937 0.006937321937321938
1 0.15074133763094277 0.35119373219373223 0.11948831587429493 0.009803418803418803
1 0.29977437550362607 0.3513504273504274 0.0998348106365834 0.009273504273504273
2 0.20271555197421434 0.36341025641025637 0.013481063658340049 0.007774928774928774
1 0.16520145044319096 0.36374074074074075 0.08987912973408542 0.009558404558404558
2 0.2568815471394037 0.36375783475783474 0.013219178082191781 0.006301994301994302
3 0.3026913779210314 0.3638034188034188 0.029161966156325544 0.006455840455840456
1 0.28455278001611606 0.3638746438746439 0.06700644641418212 0.007290598290598291
3 0.14501611603545528 0.36396581196581196 0.0480378726833199 0.006253561253561253
1 0.33062852538275583 0.20131623931623932 0.16153908138597906 0.008196581196581197
2 0.2001450443190975 0.20135897435897435 0.018041901692183723 0.00705982905982906
2 0.25923851732473807 0.2013732193732194 0.017457695406929895 0.006099715099715099
1 0.12875503626107976 0.20152706552706554 0.16390008058017727 0.011150997150997152
3 0.10872683319903305 0.20162393162393163 0.1194439967767929 0.006008547008547008
3 0.3483360193392426 0.2017236467236467 0.12119661563255439 0.006205128205128205
1 0.1297300564061241 0.21388603988603988 0.16585817888799356 0.009683760683760685
3 0.10982272360999193 0.21396011396011397 0.1193996776792909 0.006937321937321938
3 0.347389202256245 0.213982905982906 0.11781224818694602 0.005928774928774928
2 0.19977034649476227 0.21403703703703703 0.01877921031426269 0.006566951566951567
2 0.2597381144238517 0.21413675213675215 0.01944399677679291 0.0064245014245014245
1 0.32839645447219984 0.2141937321937322 0.15947219983883965 0.007769230769230769
3 0.10986301369863014 0.22716239316239317 0.11500402900886382 0.007495726495726496
3 0.34534649476228846 0.22725356125356125 0.11447219983883965 0.006094017094017094
2 0.25916196615632553 0.22726495726495727 0.018360193392425464 0.006547008547008547
1 0.32718372280419017 0.22731623931623932 0.1558420628525383 0.007831908831908832
2 0.20003223207091056 0.22753561253561252 0.019307010475423048 0.006655270655270655
1 0.1313255439161966 0.22767521367521368 0.1630781627719581 0.010236467236467237
2 0.19953666398066075 0.23971225071225072 0.01980660757453666 0.006743589743589744
2 0.25923448831587426 0.24006267806267806 0.01821514907332796 0.0067977207977207976
3 0.3489605157131346 0.24017948717948717 0.12169621273166802 0.0071509971509971515
1 0.3305560032232071 0.2402051282051282 0.16139806607574536 0.008267806267806268
3 0.1078686543110395 0.24041880341880342 0.1229532634971797 0.006048433048433048
1 0.12862207896857372 0.24095726495726497 0.16841659951651894 0.009774928774928776
2 0.25913376309427877 0.2528774928774929 0.01841257050765512 0.00649002849002849
2 0.19974214343271554 0.25294586894586896 0.019476228847703465 0.006831908831908832
1 0.29759065269943596 0.2530997150997151 0.09904915390813859 0.008723646723646724
1 0.16073730862207897 0.2532706552706553 0.10126107977437551 0.009062678062678062
3 0.31633360193392424 0.25328490028490025 0.05794117647058824 0.007512820512820513
3 0.140201450443191 0.2535213675213675 0.05780821917808219 0.0064045584045584044