3 0.07629331184528607 0.29386894586894585 0.07751410153102337 0.021683760683760683
1 0.08781627719580984 0.3113960113960114 0.11089443996776793 0.06404843304843305
0 0.09014907332796132 0.3179002849002849 0.10522159548751009 0.021826210826210828
2 0.055173247381144236 0.3371823361823362 0.03526994359387591 0.01003988603988604
3 0.3004149879129734 0.07256695156695157 0.07899274778404512 0.009507122507122507
2 0.2115954875100725 0.07353276353276354 0.03228444802578565 0.009002849002849003
3 0.08373086220789686 0.07355270655270656 0.09137792103142628 0.008823361823361823
2 0.4407614826752619 0.07362962962962963 0.03236099919419822 0.008381766381766383
1 0.3578968573730862 0.07656125356125357 0.19624899274778404 0.02237037037037037
1 0.1348952457695407 0.07757549857549859 0.1958662369057212 0.01952706552706553
0 0.3223771152296535 0.08098575498575498 0.12401289282836422 0.006948717948717949
0 0.08738517324738114 0.08252991452991454 0.10014101531023369 0.0054843304843304845
2 0.21264302981466557 0.09518803418803419 0.032074939564867046 0.008455840455840457
2 0.4408219178082191 0.09727920227920228 0.03132957292506044 0.009393162393162393
3 0.10290491539081385 0.09852706552706553 0.13073730862207897 0.01676068376068376
3 0.32825946817082996 0.1007977207977208 0.13123287671232878 0.016427350427350426
1 0.134911361804996 0.10328205128205127 0.19919016921837226 0.0322022792022792
1 0.3589524576954069 0.10621652421652421 0.19786865431103948 0.03283190883190883
0 0.09954472199838839 0.11201424501424502 0.12401692183722804 0.007188034188034188
0 0.3577115229653505 0.11438746438746439 0.19128122481869458 0.006253561253561253
2 0.21268331990330377 0.12661823361823363 0.03215551974214343 0.009598290598290598
3 0.10436744560838035 0.1305156695156695 0.1359548751007252 0.016581196581196583
3 0.32487510072522163 0.13108831908831908 0.1244601128122482 0.007980056980056981
2 0.44153505237711527 0.13109116809116808 0.029315068493150687 0.007985754985754986
1 0.35798952457695404 0.134982905982906 0.19635374697824337 0.02077777777777778
1 0.13448831587429494 0.1350854700854701 0.19887993553585817 0.03113105413105413
0 0.11505640612409347 0.14432763532763532 0.15618855761482675 0.007658119658119657
2 0.4407937147461724 0.15517094017094016 0.0301248992747784 0.009042735042735043
3 0.3277518130539887 0.15524501424501425 0.1313658340048348 0.01
3 0.09404512489927477 0.15691737891737892 0.11301772763900081 0.010096866096866096
2 0.21219983883964544 0.15794301994301993 0.03118855761482675 0.008903133903133903
1 0.35900483481063655 0.16006267806267807 0.19661966156325544 0.022595441595441596
1 0.135870265914585 0.16128205128205128 0.1995688960515713 0.021777777777777778
0 0.31945205479452055 0.16394017094017094 0.11591861402095084 0.007088319088319088
0 0.1149597099113618 0.1665811965811966 0.15829170024174052 0.007498575498575499
2 0.21294923448831585 0.18086324786324787 0.030390813859790495 0.009259259259259259
3 0.09621273166800967 0.1847948717948718 0.11964947622884771 0.017125356125356126
1 0.13566478646253022 0.1928233618233618 0.19883158742949233 0.042347578347578345
0 0.11459307010475424 0.20274074074074075 0.15641015310233683 0.014034188034188034
3 0.4362933118452861 0.2062877492877493 0.07050765511684126 0.018692307692307692
3 0.06772360999194198 0.22234757834757837 0.05922240128928284 0.009396011396011395
2 0.21254633360193392 0.22273219373219372 0.03073327961321515 0.010165242165242165
1 0.4418493150684932 0.22502849002849004 0.08277598710717163 0.06023361823361823
1 0.13481466559226432 0.2251082621082621 0.1982272360999194 0.02325925925925926
0 0.4413698630136986 0.2270968660968661 0.07721998388396455 0.018891737891737894
0 0.0991136180499597 0.23033618233618233 0.1220024174053183 0.005880341880341881
3 0.10231668009669621 0.24559259259259258 0.13300161160354554 0.009592592592592594
2 0.21270346494762288 0.24561538461538462 0.032199838839645445 0.009638176638176638
2 0.4577115229653505 0.24635612535612536 0.03984689766317486 0.01111965811965812
1 0.13390410958904111 0.24953276353276355 0.19775987107171636 0.02638176638176638
0 0.09800966962127317 0.2564017094017094 0.12094681708299758 0.012529914529914529