3 0.04703867848509267 0.03181481481481482 0.04284448025785657 0.003774928774928775
2 0.11193795326349718 0.03237606837606838 0.007485898468976631 0.002618233618233618
2 0.20086220789685738 0.032393162393162395 0.00821917808219178 0.0029800569800569805
3 0.14688960515713134 0.03255840455840456 0.04932715551974215 0.0036353276353276354
1 0.07040290088638196 0.032894586894586894 0.0910958904109589 0.007943019943019942
0 0.06230459307010475 0.03518233618233618 0.07429895245769541 0.0036780626780626782
1 0.16442788074133763 0.03584615384615385 0.08432715551974215 0.010806267806267806
0 0.14957292506043512 0.037293447293447295 0.05515713134568896 0.006598290598290598
3 0.04159548751007252 0.04092022792022792 0.03379935535858179 0.004091168091168091
2 0.11239726027397261 0.04167806267806268 0.007485898468976631 0.002678062678062678
1 0.07058420628525383 0.042638176638176636 0.09307413376309427 0.00801994301994302
0 0.06163980660757454 0.04413675213675213 0.07434730056406125 0.0036951566951566954
3 0.14096293311845287 0.04768091168091169 0.037014504431909755 0.003626780626780627
2 0.20192586623690573 0.04772649572649573 0.008053988718775182 0.0030655270655270653
3 0.043847703464947624 0.04983190883190883 0.03967767929089444 0.003700854700854701
2 0.11180096696212732 0.050783475783475786 0.007211925866236905 0.0023504273504273503
1 0.16483078162771958 0.05214529914529915 0.08566881547139403 0.014478632478632479
1 0.06977034649476228 0.05307407407407407 0.09306204673650281 0.011008547008547009
0 0.15684528605962933 0.05389458689458689 0.06923851732473811 0.009544159544159544
0 0.06436341659951651 0.05483190883190883 0.0816317485898469 0.006868945868945869
3 0.048428686543110396 0.0624045584045584 0.05022562449637389 0.00411965811965812
2 0.1117365028203062 0.06309116809116809 0.00846494762288477 0.0032193732193732194
1 0.06931506849315068 0.06562678062678062 0.0932232070910556 0.010615384615384615
2 0.20312651087832395 0.06616239316239315 0.00815068493150685 0.002851851851851852
3 0.13829170024174053 0.06649572649572649 0.032598710717163575 0.0038461538461538464
0 0.0630983078162772 0.06733618233618234 0.08002417405318292 0.006829059829059829
1 0.16420225624496373 0.06947863247863248 0.08495165189363417 0.01070940170940171
0 0.15459709911361805 0.0711965811965812 0.06520145044319098 0.0060911680911680905
3 0.04703062046736503 0.07484615384615384 0.04972602739726027 0.0039544159544159544
2 0.11174858984689767 0.07537037037037038 0.007111200644641417 0.0033789173789173788
1 0.06831587429492345 0.07936182336182336 0.09391619661563255 0.01335042735042735
0 0.05443593875906527 0.0813105413105413 0.06545930701047542 0.009404558404558404
2 0.20380741337630945 0.08191452991452991 0.0072159548751007255 0.002150997150997151
3 0.1363013698630137 0.08224501424501425 0.02861402095084609 0.0031396011396011394
1 0.16474617244157935 0.08682051282051283 0.0860354552780016 0.013424501424501424
0 0.1513859790491539 0.08865811965811966 0.05832393231265109 0.009461538461538462
3 0.03251410153102337 0.09071794871794872 0.02299758259468171 0.0034957264957264957
2 0.11136180499597098 0.09144729344729345 0.0077195809830781625 0.002678062678062678
1 0.06772360999194198 0.09390883190883191 0.09542707493956487 0.010475783475783478
0 0.05773569701853345 0.09598005698005697 0.07482272360999194 0.006538461538461538
2 0.2051651893634166 0.10137321937321937 0.008086220789685737 0.003333333333333333
3 0.13976631748589846 0.10152991452991453 0.036003223207091054 0.003971509971509971
2 0.11087832393231264 0.10411965811965812 0.007671232876712329 0.00264957264957265
3 0.05186140209508461 0.10419088319088318 0.06445608380338436 0.004413105413105413
1 0.16537872683319904 0.10621652421652421 0.08784045124899276 0.014541310541310542
1 0.0672925060435133 0.1072193732193732 0.0961764705882353 0.011222222222222222
0 0.14979854955680902 0.10834757834757835 0.05652296535052377 0.009803418803418803
0 0.055032232070910556 0.10950712250712251 0.07171232876712329 0.0069145299145299145
3 0.03663577759871072 0.14182621082621083 0.04043916196615633 0.004216524216524217
2 0.11127316680096697 0.141982905982906 0.007542304593070104 0.0029002849002849004
2 0.20801369863013697 0.14288319088319087 0.008726833199033038 0.0030797720797720797
3 0.15159951651893633 0.1432820512820513 0.05782836422240129 0.007452991452991453
1 0.06595890410958904 0.14352991452991454 0.09942385173247381 0.009253561253561252
0 0.05989927477840451 0.14578347578347578 0.0865068493150685 0.004
1 0.16683722804190168 0.1477264957264957 0.09129331184528607 0.018025641025641026
0 0.1629129734085415 0.15118233618233617 0.0822965350523771 0.0076410256410256415
3 0.04777598710717164 0.1523133903133903 0.06410556003223207 0.0040427350427350425
2 0.11082997582594681 0.1524814814814815 0.007574536663980661 0.00243019943019943
1 0.06574536663980661 0.15597150997151 0.10061643835616438 0.011301994301994302
0 0.05402095084609187 0.158025641025641 0.07705076551168413 0.007008547008547009
3 0.13716760676873488 0.16343874643874642 0.030346494762288474 0.004176638176638177
2 0.20936744560838033 0.16394586894586896 0.008207091055600323 0.003239316239316239
1 0.16844077356970186 0.16956695156695156 0.0939685737308622 0.016421652421652423
0 0.1501450443190975 0.1712991452991453 0.055842062852538274 0.011113960113960113
3 0.13920628525382756 0.18614245014245015 0.03442788074133763 0.004692307692307692
2 0.2109307010475423 0.18670940170940173 0.007199838839645448 0.0025754985754985753
1 0.16852538275584206 0.18979202279202279 0.09628525382755841 0.015387464387464387
0 0.16782030620467364 0.19228490028490028 0.09119258662369058 0.007544159544159545