2 0.17784850926672038 0.29715384615384616 0.013682514101531023 0.004977207977207977
3 0.04265511684125705 0.29745584045584045 0.04093875906526994 0.005213675213675214
1 0.1039645447219984 0.2975527065527066 0.16308219178082192 0.006726495726495726
3 0.23942788074133764 0.299977207977208 0.0562812248186946 0.005387464387464388
2 0.17806607574536662 0.3101823361823362 0.013751007252215956 0.005720797720797721
3 0.06978646253021757 0.31028774928774927 0.09580983078162772 0.00486039886039886
1 0.10390410958904109 0.3106837606837607 0.1645044319097502 0.007991452991452992
0 0.28050362610797747 0.31376353276353275 0.13784850926672038 0.01933048433048433
1 0.29492747784045126 0.31941025641025644 0.167767929089444 0.04609116809116809
2 0.17802578565672844 0.3238262108262109 0.014746172441579372 0.005162393162393163
1 0.10363013698630136 0.32384330484330487 0.16548751007252216 0.007692307692307693
3 0.04600725221595488 0.3239401709401709 0.0488638195004029 0.005712250712250713
2 0.3681224818694601 0.3293817663817664 0.01797340854149879 0.005894586894586895
2 0.17763094278807412 0.3371054131054131 0.015032232070910556 0.004888888888888889
3 0.03458904109589041 0.3374045584045584 0.02725624496373892 0.006193732193732193
1 0.10451651893634167 0.3444814814814815 0.16726027397260274 0.020717948717948718
0 0.0879129734085415 0.3475042735042735 0.13279613215149075 0.012552706552706553
2 0.17802175664786463 0.08076923076923077 0.016172441579371474 0.005601139601139601
2 0.36883964544722 0.08086039886039886 0.015825946817083 0.005273504273504274
3 0.04257856567284448 0.08106267806267806 0.040765511684125705 0.005994301994301994
3 0.24618049959709912 0.0815014245014245 0.06852941176470588 0.005623931623931624
1 0.1037187751813054 0.0875042735042735 0.16566478646253022 0.020712250712250715
0 0.08150282030620468 0.09168660968660969 0.11960918614020952 0.011584045584045584
1 0.29436341659951654 0.09517948717948717 0.16740934730056406 0.03498005698005698
0 0.28621676067687346 0.09926780626780626 0.15001611603545525 0.027002849002849005
2 0.1780781627719581 0.10603418803418804 0.015572119258662368 0.0057492877492877495
3 0.057868654311039484 0.10875213675213675 0.07259065269943593 0.005954415954415954
1 0.1047703464947623 0.11645014245014246 0.16623287671232875 0.027245014245014243
0 0.0914867042707494 0.12003133903133903 0.1387389202256245 0.012854700854700854
3 0.23276390008058018 0.1298888888888889 0.04232070910556004 0.00578917378917379
2 0.3686583400483481 0.12989173789173789 0.017614826752618856 0.005370370370370371
1 0.2950805801772764 0.13654985754985755 0.1680781627719581 0.02155840455840456
3 0.03190975020145045 0.13693732193732194 0.020056406124093474 0.005150997150997151
0 0.2836220789685738 0.1406210826210826 0.14334004834810635 0.012706552706552706
0 0.04825141015310234 0.14415669515669516 0.05236905721192586 0.005393162393162393
1 0.10440773569701853 0.14448717948717948 0.16629331184528606 0.021572649572649573
2 0.17763497179693793 0.1446267806267806 0.016829170024174056 0.004968660968660969
2 0.36753424657534245 0.1567037037037037 0.01894037066881547 0.005831908831908832
3 0.25050765511684125 0.15674074074074074 0.07718372280419017 0.0060712250712250705
1 0.29429089443996775 0.1666923076923077 0.16649879129734085 0.03131339031339031
0 0.2815229653505238 0.1711737891737892 0.13951248992747783 0.020205128205128205
2 0.1779975825946817 0.18094871794871795 0.01612409347300564 0.005467236467236468
3 0.05231668009669621 0.18125925925925926 0.061482675261885576 0.005666666666666667
1 0.10382755842062852 0.1814045584045584 0.1666559226430298 0.007501424501424501
2 0.36806204673650283 0.19012820512820514 0.01821514907332796 0.005341880341880342
3 0.24604351329572924 0.19046438746438746 0.06856970185334407 0.005846153846153846
2 0.17802578565672844 0.19433618233618233 0.01618049959709911 0.004903133903133903
3 0.045628525382755844 0.19462678062678063 0.04749798549556809 0.0050826210826210826
1 0.10366639806607575 0.19821367521367522 0.16632957292506043 0.013407407407407408
1 0.2937590652699436 0.2006182336182336 0.1685092667203868 0.026911680911680908
0 0.08719983883964545 0.20116239316239318 0.1313658340048348 0.005404558404558404
0 0.27814665592264304 0.20400854700854704 0.132767929089444 0.01946153846153846
1 0.10395648670427074 0.21402564102564103 0.1653746978243352 0.007
2 0.17787671232876712 0.21441595441595443 0.01695406929895246 0.005823361823361824
3 0.043529411764705886 0.21472649572649574 0.042687348912167605 0.005823361823361824
2 0.36777598710717163 0.22441310541310544 0.018352135374697823 0.00505982905982906
3 0.2658863819500403 0.22458404558404557 0.10858984689766317 0.0057492877492877495
3 0.051095890410958904 0.22790028490028488 0.058694601128122484 0.005985754985754987
2 0.17824738114423852 0.22802849002849002 0.015906526994359387 0.0057094017094017095
1 0.10463738920225624 0.2280968660968661 0.1667365028203062 0.0074358974358974365
1 0.2945809830781628 0.23529344729344728 0.16630942788074132 0.028347578347578346
1 0.10383158742949233 0.2412991452991453 0.1651248992747784 0.0072193732193732195
2 0.17834004834810635 0.24135042735042736 0.016095890410958904 0.005515669515669516
3 0.041551168412570505 0.24143589743589744 0.040564061240934736 0.005472934472934473
0 0.28076954069298954 0.24180911680911682 0.13763900080580177 0.012173789173789173
2 0.3682514101531023 0.2592905982905983 0.018585817888799358 0.005452991452991453
3 0.26735697018533444 0.2593276353276353 0.1115108783239323 0.005786324786324786
1 0.293996776792909 0.2738119658119658 0.16821514907332796 0.03584615384615385
0 0.28322320709105564 0.2804985754985755 0.14292103142626914 0.02
1 0.10419822723609992 0.28374643874643873 0.16585817888799356 0.006820512820512821
2 0.1781627719580983 0.2838917378917379 0.014669621273166799 0.005290598290598291
3 0.03257050765511684 0.2839002849002849 0.019540692989524575 0.0054159544159544165