2 0.42996373892022566 0.28623076923076923 0.018730862207896857 0.005202279202279203
3 0.2742425463336019 0.2866980056980057 0.03925866236905721 0.006136752136752136
3 0.5149798549556809 0.28696011396011395 0.05383561643835617 0.005715099715099715
2 0.6411039484286866 0.28735897435897434 0.020201450443190976 0.005094017094017094
2 0.20818291700241742 0.28865242165242166 0.0193593875906527 0.004846153846153846
3 0.053509266720386785 0.28906837606837604 0.043319903303787266 0.0047378917378917374
1 0.12504431909750202 0.28914814814814815 0.18705479452054793 0.006780626780626781
1 0.34688960515713135 0.2905128205128205 0.18722401289282836 0.015182336182336182
1 0.5691377921031426 0.2914330484330484 0.1641539081385979 0.016452991452991454
0 0.3215310233682514 0.2951054131054131 0.13583803384367446 0.007242165242165243
1 0.12499194198227237 0.2956011396011396 0.18694601128122482 0.0064643874643874645
0 0.5646333601933925 0.29586894586894585 0.15331990330378728 0.007088319088319088
2 0.20783239323126512 0.29596011396011396 0.019327155519742144 0.00435042735042735
3 0.0622119258662369 0.2959629629629629 0.06005640612409347 0.004826210826210826
1 0.1253505237711523 0.3024928774928775 0.1890048348106366 0.007495726495726496
3 0.06869057211925866 0.3025042735042735 0.07367848509266721 0.005153846153846154
2 0.20830378726833199 0.3027806267806268 0.020265914585012087 0.005236467236467236
2 0.20818291700241742 0.3097948717948718 0.018017727639000804 0.0046210826210826205
1 0.12497179693795327 0.30984045584045583 0.18891216760676874 0.007076923076923077
3 0.07726430298146657 0.3104017094017094 0.0901651893634166 0.005837606837606838
1 0.1273771152296535 0.06818233618233618 0.19105157131345687 0.014034188034188034
3 0.08008460918614022 0.06826495726495727 0.09446817082997583 0.011364672364672364
3 0.3174738114423852 0.06835612535612536 0.12304995970991137 0.011074074074074073
1 0.3515914585012087 0.06853561253561254 0.1932876712328767 0.011903133903133904
3 0.5485898468976631 0.06875783475783476 0.1210556003223207 0.011877492877492877
1 0.5685656728444802 0.06966096866096866 0.163682514101531 0.01462962962962963
2 0.20854552780016117 0.07062678062678063 0.020749395648670427 0.005692307692307693
2 0.43728041901692183 0.07125071225071225 0.019335213537469784 0.005056980056980057
2 0.6401289282836422 0.07174358974358974 0.018920225624496374 0.00556980056980057
3 0.09683722804190169 0.08117094017094018 0.12864222401289283 0.010723646723646724
3 0.5098589846897663 0.08142735042735043 0.04158742949234488 0.005099715099715099
1 0.5696615632554392 0.08147293447293448 0.16386784850926672 0.008968660968660969
2 0.6404995970991136 0.08155840455840456 0.018988718775181306 0.005831908831908832
2 0.20997179693795326 0.08352991452991453 0.022929089443996777 0.005997150997150998
3 0.3252054794520548 0.08500854700854701 0.13918211120064464 0.012729344729344729
1 0.12707896857373088 0.0853960113960114 0.19112409347300563 0.020589743589743588
1 0.3535898468976632 0.08564957264957265 0.19661966156325544 0.013544159544159544
2 0.4388033843674456 0.08745014245014245 0.023045930701047542 0.005336182336182336
1 0.5688154713940371 0.09058689458689458 0.1635092667203868 0.009247863247863248
2 0.6403384367445608 0.09061823361823361 0.018670427074939565 0.006005698005698005
3 0.5296615632554391 0.09107407407407409 0.08253424657534246 0.006441595441595441
0 0.12034649476228847 0.09160968660968662 0.17482272360999196 0.0074045584045584045
2 0.6405761482675262 0.10003418803418804 0.019141821112006446 0.00547008547008547
3 0.5446736502820306 0.10045014245014244 0.11322723609991941 0.006301994301994302
1 0.5696897663174859 0.10045584045584047 0.1645890410958904 0.009148148148148148
3 0.3357856567284448 0.10394871794871795 0.16034246575342467 0.01707977207977208
1 0.35349315068493153 0.10401994301994302 0.19709508460918615 0.01816809116809117
2 0.640310233682514 0.10939316239316241 0.01861402095084609 0.0057692307692307696
2 0.43842062852538277 0.10946153846153846 0.023622078968573733 0.005435897435897436
3 0.5046696212731667 0.10999145299145299 0.032550362610797745 0.006017094017094018
1 0.5693231265108784 0.11043019943019944 0.16452860596293312 0.00972934472934473
2 0.6406285253827558 0.11846153846153847 0.019246575342465756 0.005011396011396011
3 0.5127356970185334 0.11881766381766382 0.05001611603545528 0.005726495726495727
1 0.5700362610797743 0.11915384615384617 0.16461321514907332 0.008757834757834758
1 0.35251007252215955 0.12336467236467236 0.19579371474617244 0.012458689458689458
3 0.33920225624496375 0.12348717948717948 0.16784045124899274 0.011287749287749288
2 0.4384609186140209 0.12583475783475784 0.023033843674456083 0.00558974358974359
2 0.6405680902497985 0.12763247863247865 0.019129734085414987 0.005401709401709402
3 0.503235294117647 0.12781766381766382 0.031011281224818693 0.006720797720797721
1 0.12656728444802579 0.12845868945868946 0.18742949234488315 0.01225071225071225
3 0.08990733279613215 0.12857264957264958 0.11344480257856566 0.011065527065527067
1 0.5698307816277196 0.1287094017094017 0.16554391619661563 0.010396011396011397
2 0.20896454472199838 0.13115099715099715 0.018916196615632555 0.00582905982905983
2 0.6400402900886382 0.13696581196581198 0.02007655116841257 0.005652421652421653
3 0.5286744560838034 0.13726210826210827 0.07980660757453667 0.005772079772079773
1 0.5695165189363417 0.13773789173789172 0.16424657534246576 0.008612535612535612
3 0.328303787268332 0.13886894586894588 0.144709911361805 0.010404558404558405
1 0.35145447219983883 0.1389145299145299 0.1930177276390008 0.011908831908831907
1 0.12666800966962127 0.14145868945868945 0.18763094278807413 0.014165242165242165
2 0.4378525382755842 0.14166666666666666 0.019145850120870268 0.005133903133903134
3 0.0948549556809025 0.1417179487179487 0.12267123287671235 0.010905982905982907
2 0.20909750201450444 0.1440911680911681 0.017844480257856565 0.005262108262108262
2 0.639955680902498 0.14629914529914528 0.01856970185334408 0.0054245014245014244
3 0.5271514907332796 0.1466296296296296 0.07751007252215955 0.005142450142450143
1 0.5693875906526994 0.14703418803418805 0.16398468976631747 0.008313390313390314
3 0.304129734085415 0.15378917378917378 0.09703062046736503 0.005290598290598291
1 0.1263859790491539 0.15384045584045586 0.18773569701853343 0.012005698005698007
2 0.43904109589041096 0.15385754985754985 0.023525382755842063 0.005900284900284901
3 0.10091458501208703 0.15398005698005698 0.1354552780016116 0.009923076923076923
2 0.6402659145850121 0.15543019943019942 0.018525382755842063 0.005740740740740741
3 0.5223690572119258 0.1558005698005698 0.06794923448831587 0.006481481481481481
1 0.5689564867042708 0.156022792022792 0.16312651087832394 0.009757834757834758
2 0.20885576148267526 0.15639886039886042 0.0186986301369863 0.005316239316239316
1 0.3524576954069299 0.15721367521367524 0.196361804995971 0.014025641025641024
0 0.3226430298146656 0.16058974358974357 0.13568090249798548 0.007401709401709402
1 0.1263215149073328 0.16668091168091168 0.1889443996776793 0.013128205128205127
3 0.08999597099113618 0.16688319088319087 0.11362207896857372 0.011643874643874643
2 0.20890008058017728 0.169 0.01879129734085415 0.004538461538461538
3 0.11797743755036261 0.17953561253561254 0.1682433521353747 0.011441595441595441
1 0.3521917808219178 0.17991168091168092 0.19448831587429494 0.015498575498575497
1 0.12647461724415796 0.18006837606837606 0.18790894439967767 0.01298005698005698
3 0.32892022562449635 0.18015099715099717 0.1466156325543916 0.012196581196581197
2 0.2088678485092667 0.18314814814814814 0.02072522159548751 0.004968660968660969
2 0.4361925866236906 0.18324216524216522 0.023174858984689767 0.00562962962962963
1 0.12597099113618052 0.1927122507122507 0.1889041095890411 0.012760683760683761
3 0.09716760676873488 0.19288034188034187 0.12796132151490736 0.010262108262108263
3 0.5160838033843674 0.19415099715099715 0.05604351329572925 0.005717948717948718
2 0.6410112812248187 0.19415099715099715 0.018682514101531024 0.005717948717948718
1 0.5700846091861402 0.19494871794871793 0.16471796937953262 0.009678062678062678
2 0.20837630942788077 0.1952849002849003 0.01841257050765512 0.005150997150997151
1 0.5694923448831587 0.20292877492877492 0.16285656728444803 0.007213675213675214
3 0.31819903303787267 0.20314529914529914 0.12584206285253827 0.011900284900284901
1 0.34968170829975825 0.2031965811965812 0.19013698630136988 0.013891737891737891
2 0.6404673650282031 0.20338461538461539 0.018255439161966158 0.005296296296296296
3 0.5237751813053989 0.2035042735042735 0.07209105560032232 0.005532763532763533
3 0.08849717969379532 0.20545014245014245 0.109955680902498 0.010367521367521367
1 0.1263456889605157 0.20546153846153845 0.18765914585012086 0.012279202279202279
2 0.4334609186140209 0.20633903133903134 0.022385173247381145 0.0050626780626780625
2 0.20913376309427884 0.20817094017094015 0.018581788879935536 0.004948717948717949
1 0.5688557614826752 0.21237321937321935 0.16358984689766318 0.00862962962962963
2 0.640310233682514 0.21243589743589744 0.01861402095084609 0.004977207977207977
3 0.5542989524576954 0.2126068376068376 0.13180499597099113 0.00531908831908832
2 0.209218372280419 0.21546438746438745 0.018090249798549556 0.004418803418803419
3 0.09033843674456084 0.21547008547008545 0.11564464141821111 0.00584900284900285
1 0.12639806607574539 0.21596581196581197 0.1890934730056406 0.008729344729344729
2 0.6400282030620467 0.22186039886039888 0.018718775181305398 0.005404558404558404
1 0.5693190975020145 0.22205698005698005 0.16385173247381143 0.00862962962962963
3 0.5055922643029815 0.2223874643874644 0.034395648670427076 0.006458689458689459
2 0.6406728444802579 0.23089173789173786 0.019335213537469784 0.005515669515669516
3 0.5131506849315068 0.2310911680911681 0.048843674456083806 0.005447293447293448
1 0.5697260273972603 0.23115099715099716 0.16333199033037873 0.008396011396011396
1 0.5691982272360999 0.24011965811965813 0.16360596293311844 0.007911680911680912
2 0.6402095084609186 0.2402193732193732 0.018408541498791297 0.004809116809116809
3 0.5385414987912974 0.2406096866096866 0.10029411764705883 0.00558974358974359
2 0.4296172441579371 0.24283190883190883 0.01871071716357776 0.005310541310541311
3 0.2930942788074134 0.24328490028490027 0.07763497179693796 0.0066894586894586895
2 0.2099153908138598 0.24465527065527065 0.023485092667203868 0.005176638176638177
3 0.10377518130539887 0.2472991452991453 0.14251813053988718 0.010464387464387463
1 0.12829170024174053 0.24748717948717947 0.1915511684125705 0.01225925925925926
2 0.6399798549556809 0.24946723646723645 0.018618049959709913 0.005356125356125356
1 0.5691136180499597 0.2494900284900285 0.16344077356970185 0.008233618233618234
3 0.5190692989524577 0.25003703703703706 0.06067687348912167 0.006022792022792023
2 0.2103746978243352 0.2568034188034188 0.022401289282836422 0.005384615384615384
1 0.1286180499597099 0.25714245014245013 0.19086220789685737 0.007481481481481482
3 0.10327155519742143 0.2574188034188034 0.1401692183722804 0.005672364672364673
1 0.5694802578565673 0.25892592592592595 0.164174053182917 0.008216524216524216
2 0.6400684931506849 0.2591339031339031 0.020132957292506044 0.005792022792022792
1 0.34702256244963736 0.2592934472934473 0.18682917002417404 0.041538461538461545
3 0.5178203062046737 0.2593019943019943 0.05951651893634166 0.006133903133903134
2 0.21122481869460114 0.2640683760683761 0.022767929089443997 0.005273504273504274
1 0.1278726833199033 0.26418233618233616 0.19271152296535052 0.0064444444444444445
0 0.2995729250604351 0.2642649572649573 0.09310636583400483 0.03052706552706553
3 0.0990290088638195 0.2644017094017094 0.13168815471394038 0.005467236467236468
3 0.5397461724415794 0.2679002849002849 0.10203062046736504 0.005381766381766382
2 0.6406365834004835 0.2681595441595442 0.019931506849315068 0.005897435897435898
1 0.5697703464947623 0.2682877492877493 0.1647502014504432 0.00756980056980057
2 0.6404713940370669 0.2775641025641026 0.018267526188557617 0.005344729344729345
1 0.5690370668815471 0.2777065527065527 0.16497179693795325 0.007823361823361824
3 0.5524899274778404 0.27778062678062676 0.12885576148267525 0.005304843304843305