1 0.34289685737308623 0.28791737891737895 0.5587469782433521 0.027034188034188035
0 0.12255842062852539 0.2922165242165242 0.11895245769540694 0.009826210826210827
3 0.1149395648670427 0.34355270655270653 0.10168009669621274 0.011350427350427352
2 0.6110676873489121 0.3447834757834758 0.019601128122481867 0.010227920227920228
1 0.3402981466559226 0.3552307692307692 0.5558460918614021 0.03692022792022792
0 0.2784850926672039 0.36107407407407405 0.42775987107171637 0.019133903133903132
3 0.12321514907332796 0.3796752136752137 0.1243190975020145 0.012575498575498575
2 0.6119298952457696 0.38102564102564107 0.02234488315874295 0.010253561253561255
1 0.3434327155519742 0.391042735042735 0.5632957292506043 0.03208547008547009
0 0.3058823529411765 0.3974814814814815 0.4866116035455278 0.020928774928774926
3 0.1415471394037067 0.06705128205128205 0.1528726833199033 0.01143019943019943
2 0.6122038678485092 0.0672108262108262 0.021873489121676068 0.011037037037037038
1 0.3449194198227236 0.07658974358974359 0.5635173247381144 0.03313960113960114
0 0.29492344883158744 0.08281196581196582 0.46164786462530216 0.018566951566951567
3 0.12164383561643836 0.10333618233618233 0.11508863819500402 0.010116809116809115
2 0.6144319097502015 0.10394871794871795 0.01314262691377921 0.010621082621082622
1 0.3426430298146656 0.10910826210826212 0.557389202256245 0.023712250712250714
0 0.12238517324738114 0.11481196581196582 0.11758662369057213 0.010111111111111112
2 0.6109266720386785 0.12958119658119657 0.020338436744560838 0.010236467236467237
3 0.09597502014504432 0.1296068376068376 0.06375503626107978 0.011723646723646723
1 0.34228847703464943 0.13470370370370371 0.5582514101531023 0.02266666666666667
0 0.2396937953263497 0.14085185185185184 0.35017727639000806 0.010541310541310541
2 0.6112127316680097 0.156022792022792 0.019895245769540694 0.009321937321937321
3 0.11796937953263498 0.156025641025641 0.10672441579371474 0.010042735042735043
1 0.3449838839645447 0.16684900284900284 0.5589323126510878 0.03471794871794872
0 0.3294963738920225 0.17229059829059828 0.5307937147461724 0.01746723646723647
2 0.6101571313456889 0.19201709401709402 0.024883158742949232 0.011005698005698006
3 0.126853344077357 0.1920997150997151 0.12450040290088638 0.010455840455840457
1 0.34350120870265916 0.20295441595441596 0.5606768734891217 0.03246153846153846
0 0.26407735697018536 0.20866951566951566 0.39894037066881544 0.018484330484330482
3 0.19694601128122483 0.22913960113960113 0.2656970185334408 0.012082621082621082
2 0.6112087026591458 0.2292165242165242 0.020423045930701048 0.010082621082621084
1 0.342812248186946 0.23338176638176636 0.5608783239323126 0.024401709401709402
0 0.11562449637389204 0.24014245014245014 0.10609991941982272 0.01041025641025641
3 0.13625705076551167 0.2548119658119658 0.14533440773569703 0.009623931623931624
2 0.6099838839645447 0.25497150997150997 0.0204754230459307 0.009940170940170941
1 0.34282836422240126 0.2616125356125356 0.5582836422240129 0.026404558404558406
0 0.2760314262691378 0.2665270655270655 0.42285656728444804 0.010096866096866096
3 0.15445205479452057 0.2808091168091168 0.1786744560838034 0.00925071225071225
2 0.6112328767123287 0.2812962962962963 0.019935535858178886 0.009504273504273504