3 0.19281627719580982 0.03153561253561254 0.023279613215149073 0.00498005698005698
2 0.26644238517324736 0.031629629629629626 0.01991539081385979 0.004626780626780626
2 0.14896454472199838 0.03188034188034188 0.02000402900886382 0.0035213675213675213
3 0.09356970185334408 0.032094017094017095 0.06134568896051571 0.0044843304843304845
1 0.108303787268332 0.037133903133903134 0.10246978243352135 0.017435897435897435
1 0.22602739726027396 0.03905128205128205 0.10424657534246576 0.02126780626780627
0 0.10023368251410153 0.03998005698005699 0.08456486704270749 0.011108262108262108
0 0.2144681708299758 0.04136182336182336 0.0800201450443191 0.01441025641025641
2 0.2663215149073328 0.05174928774928775 0.01967767929089444 0.003988603988603989
3 0.1813859790491539 0.05188888888888889 0.011829170024174053 0.0037321937321937323
1 0.22666398066075746 0.05198290598290599 0.10341659951651894 0.005131054131054131
3 0.08020950846091862 0.05213105413105413 0.03311039484286866 0.0042193732193732195
2 0.14949234488315874 0.05315099715099715 0.019544721998388397 0.004643874643874644
2 0.26634568896051575 0.05617663817663818 0.019721998388396455 0.004242165242165243
1 0.22587429492344882 0.0562991452991453 0.10129734085414988 0.004914529914529914
1 0.10803384367445608 0.05643304843304844 0.10416196615632553 0.014458689458689458
3 0.18869460112812247 0.05656125356125356 0.026804995970991136 0.0035982905982905986
0 0.09719580983078163 0.05941880341880342 0.07848912167606768 0.007495726495726496
2 0.2663577759871072 0.06081766381766382 0.020511684125705074 0.003837606837606838
3 0.190781627719581 0.06107692307692308 0.031752618855761486 0.0037094017094017094
1 0.22596293311845286 0.06130484330484331 0.10262288477034649 0.0047378917378917374
2 0.14907735697018534 0.06949287749287748 0.019468170829975828 0.004518518518518518
3 0.07802175664786462 0.06974074074074074 0.02949637389202256 0.003396011396011396
3 0.20416599516518938 0.069997150997151 0.04521353746978243 0.0039059829059829064
1 0.10839645447219985 0.07145014245014245 0.10340451248992746 0.00870940170940171
0 0.09838436744560838 0.07361538461538461 0.0816317485898469 0.004153846153846154
1 0.22559226430298146 0.07381196581196581 0.1033682514101531 0.013957264957264957
0 0.19896051571313456 0.07613390313390314 0.04773972602739726 0.007575498575498576
2 0.14921031426269138 0.07822222222222222 0.019738114423851733 0.004225071225071225
3 0.07339645447219983 0.07831623931623931 0.030128928283642224 0.0038746438746438744
1 0.10824738114423853 0.07855840455840456 0.10161966156325544 0.0050341880341880346
3 0.18112812248186946 0.08228205128205128 0.013589846897663174 0.003735042735042735
2 0.2665471394037067 0.08238176638176639 0.018605962933118454 0.004475783475783476
1 0.22541901692183725 0.08266381766381765 0.10153908138597906 0.004296296296296296
2 0.26654311039484285 0.08705128205128206 0.01935535858178888 0.0035897435897435897
1 0.225535858178888 0.08705698005698005 0.10139806607574536 0.004803418803418803
3 0.1815108783239323 0.08735897435897436 0.013025785656728444 0.003857549857549857
2 0.14927880741337632 0.08747293447293447 0.01911361804995971 0.004435897435897436
3 0.08881144238517324 0.08771794871794872 0.04879129734085415 0.0033133903133903135
1 0.10856164383561644 0.09093162393162393 0.10373489121676069 0.01451851851851852
2 0.26692586623690573 0.0919031339031339 0.018597904915390814 0.004153846153846154
1 0.22506849315068495 0.09221082621082621 0.10307010475423045 0.006025641025641025
3 0.18846091861402095 0.09227635327635328 0.0272723609991942 0.004245014245014245
0 0.0898146655922643 0.0938119658119658 0.06372683319903304 0.007433048433048433
3 0.20730056406124092 0.10113960113960115 0.045398871877518135 0.0038005698005698007
2 0.2660314262691378 0.10131339031339032 0.01909750201450443 0.004145299145299146
2 0.14853344077356972 0.10446723646723646 0.019145850120870268 0.004535612535612536
3 0.08513295729250604 0.1045128205128205 0.04219178082191781 0.005165242165242165
1 0.22524576954069297 0.1071937321937322 0.10118855761482676 0.017575498575498574
0 0.21535858178887993 0.109014245014245 0.08053182917002417 0.010945868945868947
1 0.10858581788879935 0.11015099715099715 0.10080177276390008 0.01980911680911681
0 0.09825141015310235 0.11291168091168091 0.08060435132957293 0.011746438746438746
3 0.20440370668815472 0.12164957264957266 0.043408541498791295 0.00394017094017094
2 0.26643432715551973 0.12192592592592592 0.01990330378726833 0.005028490028490028
2 0.14902095084609188 0.12507122507122506 0.020120870265914585 0.00433048433048433
3 0.08354552780016117 0.1254131054131054 0.04054391619661563 0.0050142450142450145
1 0.10962127316680097 0.12887179487179487 0.10510475423045931 0.013569800569800571
1 0.22665995165189365 0.12933903133903135 0.10467767929089444 0.02088319088319088
0 0.09562449637389202 0.13168376068376067 0.07458501208702659 0.0067977207977207976
0 0.2147300564061241 0.1321111111111111 0.0785132957292506 0.015182336182336182
2 0.14931103948428687 0.1375213675213675 0.020697018533440772 0.004487179487179487
3 0.0712207896857373 0.1378917378917379 0.027300564061240935 0.004153846153846154
1 0.10893634165995165 0.14048148148148148 0.10299355358581788 0.009951566951566952
2 0.26631345688960517 0.1417150997150997 0.020419016921837226 0.004270655270655271
3 0.18825543916196616 0.14177492877492878 0.02755036261079774 0.004341880341880342
1 0.2266760676873489 0.14195156695156697 0.1040491539081386 0.004299145299145299
0 0.09631345688960516 0.14214529914529914 0.07748992747784046 0.005131054131054131
3 0.19131748589846898 0.14654985754985755 0.032445608380338435 0.004253561253561254
2 0.2666720386784851 0.14665527065527065 0.01885173247381144 0.004467236467236467
1 0.22562852538275585 0.14690883190883192 0.10195406929895247 0.00560968660968661
2 0.14927074939564866 0.1684273504273504 0.020616438356164384 0.004441595441595441
3 0.09221595487510072 0.16862962962962963 0.057880741337630943 0.004438746438746439
1 0.11087026591458501 0.17462962962962963 0.1068573730862208 0.017202279202279205
0 0.10909750201450442 0.17715384615384613 0.10305801772763899 0.012216524216524216
3 0.22608380338436743 0.2638062678062678 0.05482272360999194 0.004250712250712251
2 0.2820024174053183 0.2638319088319088 0.019846897663174858 0.005378917378917379
1 0.24105560032232068 0.2681965811965812 0.10378726833199034 0.014364672364672365
0 0.23158340048348106 0.2705897435897436 0.08255439161966156 0.008133903133903135