2 0.1762167606768735 0.031837606837606836 0.003678485092667204 0.004
3 0.09347703464947622 0.032022792022792027 0.022699435938759067 0.00437037037037037
1 0.1296091861402095 0.03426495726495726 0.09600725221595487 0.011076923076923078
0 0.11832393231265109 0.03710826210826211 0.07292103142626914 0.004165242165242165
3 0.09909750201450443 0.04506267806267806 0.034987912973408544 0.004507122507122507
2 0.17558017727639003 0.04507122507122507 0.006071716357775987 0.003413105413105413
1 0.12945205479452054 0.04974928774928775 0.09779613215149073 0.014991452991452991
0 0.11283239323126511 0.05256125356125357 0.06350523771152297 0.008017094017094018
2 0.17607977437550362 0.06139316239316239 0.0044480257856567285 0.004179487179487179
3 0.09926672038678484 0.06195156695156695 0.033751007252215956 0.003817663817663818
1 0.13047542304593068 0.06438461538461539 0.09774375503626108 0.011646723646723648
0 0.1133883964544722 0.0668091168091168 0.06304995970991137 0.005005698005698006
2 0.17593875906526996 0.07508831908831909 0.006788879935535859 0.0033988603988603988
3 0.10086220789685738 0.07527920227920229 0.03851732473811442 0.0045242165242165245
1 0.13025785656728445 0.07943874643874643 0.09783239323126511 0.014327635327635327
0 0.12649476228847703 0.08210826210826211 0.09134971796937953 0.0078062678062678055
3 0.10151490733279614 0.0915925925925926 0.038779210314262694 0.0045327635327635325
2 0.17552780016116037 0.09205128205128206 0.005439161966156326 0.0035954415954415953
1 0.13033843674456083 0.0980997150997151 0.09799355358581789 0.01792022792022792
0 0.12304593070104754 0.10086039886039885 0.08288074133763094 0.011575498575498576
2 0.17548348106365835 0.11190028490028489 0.005350523771152296 0.004008547008547009
3 0.12313456889605158 0.11254131054131053 0.08306607574536663 0.00492022792022792
1 0.13025382755842063 0.11762108262108263 0.09730459307010475 0.017672364672364674
0 0.1258017727639001 0.120997150997151 0.08892425463336019 0.010715099715099714
2 0.17497179693795326 0.13204558404558406 0.005374697824335213 0.004270655270655271
3 0.09271555197421434 0.13234188034188032 0.02170024174053183 0.0037492877492877495
1 0.13020145044319098 0.13613105413105414 0.09667203867848509 0.015034188034188035
0 0.12390813859790492 0.13914814814814816 0.08460918614020951 0.006985754985754986
2 0.1751611603545528 0.1488917378917379 0.005757453666398066 0.0038632478632478636
3 0.09151893634165996 0.1491937321937322 0.01983078162771958 0.0044643874643874645
1 0.13065672844480258 0.15435327635327634 0.09863013698630138 0.01700854700854701
0 0.12379935535858178 0.15755270655270656 0.08491539081385979 0.010062678062678063
2 0.17477437550362612 0.16903133903133902 0.006031426269137792 0.0033675213675213676
3 0.09630539887187752 0.1692991452991453 0.02993150684931507 0.005390313390313391
1 0.1296494762288477 0.17385185185185187 0.09766720386784851 0.014492877492877492
0 0.12518936341659953 0.17583475783475783 0.0887429492344883 0.007341880341880342
2 0.17669621273166802 0.018666666666666665 0.004105560032232071 0.004344729344729344
3 0.09863013698630138 0.01906837606837607 0.03352538275584206 0.004404558404558404
1 0.13013295729250604 0.021492877492877493 0.09810636583400484 0.010740740740740742
0 0.11591458501208703 0.023675213675213674 0.06914987912973408 0.004353276353276353