1 0.1295930701047542 0.29982621082621086 0.20991136180499598 0.008814814814814815
2 0.21834407735697017 0.2999316239316239 0.030838033843674457 0.007301994301994302
3 0.07674456083803384 0.3001794871794872 0.10302981466559226 0.00750997150997151
1 0.12944802578565673 0.3102108262108262 0.21165592264302982 0.009843304843304843
3 0.07681305398871878 0.3103048433048433 0.10235294117647059 0.007227920227920228
2 0.21850926672038679 0.3103874643874644 0.02912570507655117 0.00825925925925926
2 0.2182232070910556 0.3202364672364672 0.029367445608380338 0.0074245014245014245
3 0.0996696212731668 0.3204501424501424 0.14765914585012088 0.007273504273504274
1 0.12930701047542303 0.320982905982906 0.21082191780821918 0.00988888888888889
3 0.07623287671232877 0.33043304843304844 0.10078162771958098 0.0072877492877492876
2 0.21792506043513296 0.33047293447293447 0.029593070104754232 0.006498575498575498
1 0.1296494762288477 0.3306239316239316 0.2120668815471394 0.008777777777777777
3 0.06543916196615632 0.3789287749287749 0.07919822723609991 0.006820512820512821
1 0.12949637389202256 0.378980056980057 0.2110757453666398 0.009663817663817664
2 0.21870668815471395 0.37901424501424497 0.029520547945205478 0.006122507122507122
3 0.09221595487510072 0.3886809116809117 0.13234085414987914 0.006948717948717949
1 0.1298388396454472 0.38896866096866095 0.20972199838839645 0.008934472934472934
2 0.21841659951651896 0.3891339031339031 0.02975423045930701 0.006695156695156695
2 0.21845688960515713 0.3993589743589744 0.02901692183722804 0.006905982905982906
3 0.1001651893634166 0.403988603988604 0.1482393231265109 0.017319088319088318
1 0.12936744560838032 0.40403988603988605 0.20877115229653503 0.018854700854700857
1 0.12927477840451249 0.41913105413105417 0.21199435938759065 0.008586894586894588
3 0.07269943593875906 0.4193076923076923 0.0937187751813054 0.006891737891737892
2 0.21870265914585013 0.4195099715099715 0.02951248992747784 0.006433048433048432
1 0.12995568090249798 0.14223931623931624 0.20995165189363418 0.00807977207977208
3 0.0845850120870266 0.1423304843304843 0.11707896857373085 0.007034188034188035
2 0.21895245769540694 0.1424786324786325 0.030012087026591458 0.006461538461538461
1 0.1306446414182111 0.1522250712250712 0.21064464141821115 0.009754985754985755
2 0.21848106365834005 0.15226495726495728 0.029472199838839648 0.006951566951566951
3 0.09531023368251411 0.15234757834757834 0.13771152296535052 0.007692307692307693
1 0.12932312651087832 0.16224786324786325 0.21072925060435133 0.010535612535612535
2 0.2179371474617244 0.1624074074074074 0.02879532634971797 0.00756980056980057
3 0.08819500402900887 0.16244729344729347 0.1251208702659146 0.007358974358974359
1 0.13014504431909749 0.17276068376068376 0.21168815471394037 0.009891737891737891
3 0.0736140209508461 0.17286039886039886 0.09677276390008058 0.007364672364672365
2 0.21804995970991137 0.17290598290598289 0.030249798549556808 0.007162393162393163
1 0.1296132151490733 0.22050142450142451 0.21118855761482674 0.01205128205128205
3 0.1076631748589847 0.22109686609686607 0.1640531829170024 0.007535612535612536
2 0.21893634165995166 0.22136752136752136 0.029564867042707492 0.007498575498575499
2 0.21854552780016115 0.23125925925925928 0.03042304593070105 0.0067492877492877495
1 0.12978243352135374 0.2317948717948718 0.2109709911361805 0.01047008547008547
3 0.07158340048348105 0.23203988603988604 0.09312248186946011 0.00831054131054131
3 0.10425060435132957 0.24163817663817663 0.15845688960515714 0.00841880341880342
2 0.21866236905721192 0.2416923076923077 0.03065672844480258 0.007373219373219373
1 0.1299758259468171 0.2418233618233618 0.213392425463336 0.009820512820512821
3 0.10133763094278808 0.25153846153846154 0.15222401289282836 0.0071111111111111115
1 0.13039081385979048 0.2519116809116809 0.21354955680902496 0.009774928774928776
2 0.21866639806607574 0.25194586894586896 0.03044721998388396 0.007054131054131055