2 0.6434448025785656 0.28623076923076923 0.012429492344883159 0.006555555555555556
3 0.5174738114423851 0.2865071225071225 0.09042304593070105 0.00558974358974359
1 0.1301047542304593 0.2882877492877493 0.2033883964544722 0.015393162393162393
1 0.5740894439967769 0.28883190883190885 0.20753424657534247 0.011062678062678062
0 0.5447904915390814 0.29133618233618236 0.14468573730862208 0.004877492877492878
0 0.10369460112812248 0.2913703703703704 0.1489242546333602 0.009219373219373219
2 0.6583360193392426 0.30062393162393164 0.029774375503626112 0.006148148148148147
3 0.5096736502820306 0.3009230769230769 0.07565672844480258 0.006168091168091167
2 0.21432312651087834 0.3020541310541311 0.032538275584206286 0.005811965811965812
3 0.07993553585817889 0.30233333333333334 0.10145447219983884 0.0063361823361823355
1 0.5743110394842869 0.30502564102564106 0.20679693795326348 0.015931623931623933
1 0.1310112812248187 0.305957264957265 0.20402497985495568 0.015293447293447294
0 0.5376027397260273 0.30774074074074076 0.13160354552780015 0.009754985754985755
0 0.11007252215954874 0.3092706552706553 0.1624979854955681 0.008438746438746439
2 0.4343916196615633 0.31053276353276354 0.029258662369057213 0.005968660968660968
3 0.29215954875100725 0.3107037037037037 0.08929492344883158 0.006005698005698005
1 0.3484286865431104 0.3141680911680912 0.2054995970991136 0.01587179487179487
0 0.3263416599516519 0.3173475783475784 0.15842465753424656 0.008367521367521369
3 0.29582997582594683 0.32878062678062675 0.09788879935535859 0.006256410256410256
2 0.4331506849315068 0.32882051282051283 0.032433521353746976 0.006148148148148147
1 0.34852941176470587 0.3328888888888889 0.20393231265108785 0.015373219373219374
0 0.32626510878323933 0.3353703703703704 0.15892022562449637 0.008242165242165242
2 0.4337389202256245 0.06572364672364672 0.030217566478646252 0.0062678062678062675
3 0.2812369057211926 0.06591168091168091 0.06661563255439162 0.005566951566951567
3 0.06529411764705882 0.06735612535612535 0.07183319903303786 0.006663817663817664
1 0.3482272360999194 0.06769230769230769 0.20332796132151493 0.011561253561253561
0 0.29533843674456084 0.07080626780626781 0.09636180499597098 0.004313390313390314
1 0.12925463336019338 0.07087464387464387 0.20377518130539887 0.017507122507122507
3 0.49194601128122484 0.07541025641025641 0.040197421434327155 0.006606837606837607
2 0.21679693795326352 0.07545014245014245 0.025604351329572925 0.006925925925925926
1 0.49370668815471397 0.0754928774928775 0.04736099919419823 0.00964957264957265
0 0.06288477034649477 0.07596581196581197 0.06746172441579372 0.006125356125356125
2 0.4329895245769541 0.07961253561253562 0.032111200644641416 0.006851851851851852
3 0.26867848509266723 0.07988034188034188 0.041502820306204675 0.005837606837606838
1 0.3481950040290089 0.08194301994301995 0.20267123287671232 0.011293447293447294
1 0.4860112812248187 0.08323076923076923 0.030531829170024175 0.006564102564102564
3 0.48647058823529415 0.08380626780626782 0.028416599516518936 0.005743589743589744
3 0.0868573730862208 0.08391737891737892 0.11540692989524577 0.005917378917378918
2 0.21686140209508462 0.08393732193732194 0.02404109589041096 0.005900284900284901
1 0.12888799355358582 0.0840997150997151 0.20304190169218372 0.007418803418803419
0 0.3200644641418211 0.0845014245014245 0.14499597099113617 0.005632478632478633
1 0.12877921031426268 0.09135327635327635 0.20432715551974215 0.007829059829059829
1 0.49122481869460116 0.09158119658119658 0.03956083803384367 0.006541310541310541
2 0.21728847703464946 0.09173504273504274 0.023190975020145044 0.005900284900284901
3 0.07670829975825946 0.09195726495726496 0.09567284448025785 0.0062877492877492875
3 0.49137792103142625 0.09227635327635328 0.03823529411764706 0.005615384615384616
2 0.4318936341659952 0.09327920227920229 0.03274375503626108 0.006589743589743589
3 0.30313456889605156 0.0935014245014245 0.11082997582594681 0.0057094017094017095
1 0.3474294923448832 0.09776353276353275 0.2040894439967768 0.015415954415954416
1 0.12941982272361 0.0992051282051282 0.2036341659951652 0.00754985754985755
2 0.21703062046736502 0.09953276353276354 0.024939564867042706 0.005498575498575499
3 0.08937550362610798 0.09978062678062678 0.11987107171635777 0.0062279202279202275
0 0.3277316680096696 0.1002022792022792 0.1624979854955681 0.008569800569800569
1 0.526474617244158 0.10066666666666665 0.11521353746978243 0.008794871794871794
3 0.4881265108783239 0.10131339031339032 0.03214746172441579 0.006324786324786324
0 0.5465471394037067 0.10202279202279203 0.06531829170024174 0.005341880341880342
3 0.27780419016921837 0.11157834757834757 0.061418211120064466 0.005367521367521368
2 0.43258662369057216 0.1117065527065527 0.03186946011281225 0.0062478632478632475
1 0.3487187751813054 0.1156894586894587 0.2037187751813054 0.015826210826210826
2 0.214754230459307 0.1167008547008547 0.030568090249798553 0.00703988603988604
3 0.05575745366639806 0.11683475783475783 0.05263497179693795 0.006094017094017094
0 0.3270265914585012 0.11865242165242167 0.15914987912973408 0.009299145299145299
1 0.12970991136180499 0.12083190883190884 0.20318694601128123 0.01610826210826211
0 0.10668009669621271 0.12421652421652421 0.15489121676067688 0.009176638176638177
2 0.43245366639806604 0.12962962962962962 0.03386784850926672 0.006501424501424501
3 0.285245769540693 0.12971225071225073 0.07421837228041903 0.005438746438746439
2 0.6579210314262691 0.13229059829059828 0.0306406124093473 0.006623931623931624
3 0.4977115229653505 0.13244159544159545 0.0521474617244158 0.006185185185185185
1 0.34870265914585014 0.13403988603988604 0.20368654311039486 0.01583760683760684
2 0.21533440773569704 0.1349059829059829 0.030600322320709108 0.006655270655270655
3 0.05647864625302176 0.13511396011396012 0.0546494762288477 0.006407407407407407
1 0.5724053182917003 0.13612820512820512 0.20416599516518938 0.01668091168091168
0 0.32463336019339245 0.13666096866096866 0.15501208702659147 0.009603988603988605
0 0.5452457695406929 0.13904558404558404 0.14688960515713134 0.009797720797720798
1 0.13078968573730862 0.13915099715099716 0.20358178887993555 0.015222222222222222
0 0.10686543110394843 0.14185185185185184 0.15689766317485898 0.009111111111111111
3 0.49809024979854954 0.14994301994301992 0.05165995165189363 0.006162393162393162
2 0.6578928283642225 0.15002849002849003 0.031152296535052373 0.006507122507122507
2 0.2150765511684126 0.15324501424501424 0.03065269943593876 0.006937321937321938
3 0.06748589846897664 0.1533874643874644 0.0760958904109589 0.006700854700854701
1 0.5726510878323932 0.15382336182336181 0.20407332796132152 0.015797720797720797
1 0.13030620467365028 0.1567094017094017 0.20320306204673652 0.01406837606837607
0 0.5480177276390008 0.15674358974358973 0.15243352135374696 0.008566951566951567
0 0.10508863819500402 0.15853846153846154 0.1517123287671233 0.005985754985754987
3 0.49655922643029815 0.16803418803418801 0.048597904915390816 0.005854700854700855
2 0.6579371474617244 0.16805413105413106 0.030672844480257856 0.006962962962962963
2 0.4329170024174053 0.16982621082621083 0.03253021756647864 0.00650997150997151
3 0.29465350523771155 0.17035327635327638 0.09428686543110396 0.006076923076923076
1 0.34831184528605963 0.17133618233618234 0.20467767929089445 0.011635327635327637
1 0.5722643029814665 0.17147008547008546 0.2027034649476229 0.01607122507122507
0 0.5521031426269137 0.17445299145299145 0.16060032232070912 0.008732193732193732
0 0.32927477840451247 0.17492307692307693 0.16428686543110393 0.005091168091168091
2 0.4326510878323932 0.18359259259259259 0.03256647864625302 0.006447293447293447
3 0.28478243352135374 0.1840712250712251 0.07537066881547139 0.006435897435897436
2 0.6575382755842063 0.18584330484330483 0.031571313456889606 0.006945868945868946
3 0.4965390813859791 0.18613675213675215 0.04855761482675262 0.00645014245014245
1 0.34782836422240127 0.18725925925925926 0.20193392425463336 0.01512820512820513
1 0.5737026591458502 0.18813105413105413 0.20440370668815472 0.01353846153846154
0 0.3223287671232877 0.19034472934472935 0.15104351329572924 0.008467236467236468
0 0.5280298146655923 0.1914871794871795 0.11051168412570508 0.006626780626780627
2 0.215870265914585 0.19836467236467237 0.029971796937953262 0.006396011396011396
3 0.05472602739726028 0.19859829059829062 0.05145044319097502 0.0063561253561253556
2 0.6570104754230459 0.19986609686609685 0.03334004834810637 0.0061994301994301995
3 0.5169097502014505 0.20033333333333334 0.08846091861402096 0.006589743589743589
1 0.1303263497179694 0.2003960113960114 0.2032433521353747 0.011384615384615385
2 0.43234891216760674 0.20156125356125357 0.03252618855761483 0.005988603988603988
3 0.2748146655922643 0.20192592592592593 0.05419016921837228 0.006535612535612536
0 0.06858178887993553 0.20315384615384616 0.0803303787268332 0.005421652421652422
1 0.5737872683319903 0.20423931623931624 0.20398066075745366 0.015735042735042733
1 0.34771958098307815 0.20598005698005697 0.20348509266720388 0.0162991452991453
0 0.5692546333601934 0.20805982905982906 0.19490330378726833 0.009558404558404558
0 0.3183239323126511 0.20897150997150998 0.14174456083803386 0.00909116809116809
2 0.2150805801772764 0.21207692307692308 0.03008863819500403 0.006626780626780627
3 0.07255842062852538 0.21215954415954413 0.08711522965350524 0.006398860398860399
1 0.12933924254633358 0.2164102564102564 0.20244963738920227 0.01631054131054131
2 0.6578243352135374 0.21817094017094016 0.03157937147461724 0.006413105413105413
3 0.5111563255439162 0.21834472934472934 0.07736905721192587 0.005527065527065527
3 0.26125302175664783 0.21935612535612536 0.02831990330378727 0.005752136752136753
0 0.09897663174858985 0.21945299145299144 0.13948831587429492 0.009054131054131054
2 0.4323690572119259 0.21961823361823363 0.03256647864625302 0.006105413105413105
1 0.5731627719580983 0.2218034188034188 0.20391216760676875 0.015424501424501426
1 0.34873489121676066 0.22382621082621082 0.20434327155519744 0.016133903133903133
0 0.5542828364222402 0.2246894586894587 0.1649597099113618 0.009393162393162393
0 0.3254834810636584 0.22634188034188035 0.15735294117647058 0.009034188034188035
2 0.21421837228041904 0.2301851851851852 0.0328928283642224 0.006447293447293447
3 0.05645447219983884 0.2305925925925926 0.05407332796132152 0.005891737891737892
1 0.12973811442385172 0.2344786324786325 0.20324738114423851 0.01576068376068376
2 0.6573287671232877 0.23614814814814813 0.032288477034649474 0.006373219373219373
3 0.519911361804996 0.23641880341880342 0.09612812248186946 0.005182336182336183
0 0.10168009669621274 0.23723361823361824 0.1448952457695407 0.00927920227920228
2 0.4325946817082998 0.23770940170940172 0.03188557614826753 0.005897435897435898
3 0.2598186946011281 0.23795156695156697 0.02461321514907333 0.005891737891737892
1 0.5726349717969379 0.24026780626780628 0.20344480257856568 0.016492877492877492
1 0.348303787268332 0.2424843304843305 0.20347703464947622 0.01676068376068376
0 0.5631385979049154 0.24256125356125355 0.18397260273972602 0.005760683760683761
0 0.31410153102336824 0.2444814814814815 0.1339443996776793 0.008233618233618234
2 0.21445205479452054 0.24856125356125358 0.03336019339242546 0.006803418803418803
3 0.05649879129734085 0.24865242165242166 0.05415793714746172 0.006398860398860399
1 0.12979049153908137 0.2522849002849003 0.20217566478646254 0.014683760683760684
0 0.11019742143432715 0.25543589743589745 0.1627477840451249 0.008606837606837607
3 0.26626913779210315 0.255991452991453 0.03751813053988719 0.0057692307692307696
2 0.43267929089444 0.25604843304843306 0.03205076551168413 0.0061794871794871795
1 0.3481224818694601 0.26017094017094017 0.20252618855761484 0.015441595441595443
0 0.31882352941176473 0.26286039886039886 0.1420910556003223 0.009273504273504273
2 0.21430701047542303 0.2661396011396011 0.033634165995165194 0.006367521367521368
3 0.07419419822723611 0.2663019943019943 0.08998791297340854 0.006603988603988604
1 0.13029814665592263 0.27026495726495725 0.20377518130539887 0.015618233618233618
2 0.6573166800966962 0.27255555555555555 0.03169621273166801 0.006398860398860399
3 0.5275785656728444 0.272960113960114 0.1118775181305399 0.005863247863247862
0 0.09667203867848509 0.2730968660968661 0.13487912973408542 0.009165242165242166
3 0.27976228847703466 0.2736923076923077 0.06450443190975019 0.006150997150997151
2 0.43261079774375505 0.2737464387464388 0.031917808219178084 0.005985754985754987
1 0.5726309427880741 0.27462678062678064 0.20520547945205478 0.013923076923076922
0 0.5313497179693795 0.27776923076923077 0.1203948428686543 0.0047578347578347575
1 0.348013698630137 0.27941310541310543 0.20171635777598712 0.0189031339031339
0 0.3206567284448026 0.2808091168091168 0.14641015310233682 0.009461538461538462
2 0.21377115229653507 0.284005698005698 0.03369057211925867 0.006105413105413105
3 0.0665269943593876 0.28447008547008545 0.07504834810636583 0.006222222222222222