3 0.17606365834004836 0.05745868945868946 0.025431103948428686 0.0029800569800569805
2 0.21541095890410958 0.05751851851851852 0.012365028203062046 0.003128205128205128
2 0.0683883964544722 0.05854131054131054 0.009157937147461725 0.0028660968660968664
2 0.14767526188557614 0.05883760683760684 0.012280419016921838 0.003458689458689459
3 0.10296937953263496 0.059022792022792016 0.03349717969379533 0.003547008547008547
3 0.025592264302981466 0.060356125356125355 0.03240934730056406 0.006743589743589744
1 0.19518130539887188 0.06151282051282051 0.06480660757453666 0.012441595441595442
0 0.19452860596293312 0.06350427350427351 0.06151490733279613 0.007085470085470086
1 0.042211925866236906 0.06425356125356126 0.06604754230459307 0.014948717948717948
1 0.11976228847703466 0.06496866096866097 0.0684931506849315 0.01637891737891738
0 0.11568896051571313 0.06510541310541311 0.05850926672038678 0.008327635327635328
0 0.024065269943593873 0.06595156695156695 0.029516518936341662 0.0030940170940170937
3 0.1821716357775987 0.0717037037037037 0.03680096696212732 0.003148148148148148
2 0.2151410153102337 0.07196296296296296 0.011361804995970991 0.0036324786324786326
2 0.06798146655922642 0.07553276353276353 0.009746172441579371 0.003837606837606838
3 0.027586623690572118 0.07553846153846154 0.03609186140209508 0.0038005698005698007
1 0.19479452054794522 0.07735327635327635 0.06310233682514102 0.015071225071225072
3 0.10296132151490733 0.07742165242165241 0.03326752618855761 0.002678062678062678
2 0.14770749395648672 0.07742165242165241 0.011414182111200644 0.002994301994301994
0 0.1932473811442385 0.07925356125356126 0.05831184528605963 0.010262108262108263
1 0.041164383561643834 0.08183760683760684 0.06441982272360999 0.017108262108262107
0 0.03007252215954875 0.0835925925925926 0.041317485898468974 0.01213105413105413
1 0.11990330378726834 0.08477207977207978 0.06784448025785657 0.018025641025641026
0 0.11489121676067689 0.08505982905982906 0.05713134568896052 0.01011965811965812
2 0.06734085414987913 0.09425925925925926 0.01080177276390008 0.0026695156695156694
3 0.024085414987912973 0.09432763532763531 0.029560838033843677 0.0027464387464387467
2 0.2150040290088638 0.09572079772079772 0.008751007252215955 0.0032022792022792022
3 0.17926672038678484 0.0961054131054131 0.03056003223207091 0.003438746438746439
1 0.1920024174053183 0.09647578347578348 0.05705076551168412 0.005452991452991453
3 0.10133360193392425 0.09776923076923077 0.030016116035455277 0.002851851851851852
2 0.14781224818694602 0.09791168091168091 0.011619661563255439 0.0030398860398860397
1 0.041385979049153906 0.10001709401709402 0.06486301369863014 0.014512820512820513
0 0.034923448831587434 0.10157264957264957 0.0514464141821112 0.0097008547008547
1 0.120535858178888 0.10299145299145299 0.06863819500402901 0.013857549857549858
2 0.21478243352135376 0.10372934472934472 0.009709911361804997 0.0024643874643874644
0 0.11573327961321515 0.10438176638176638 0.0583883964544722 0.009142450142450144
3 0.18010072522159548 0.10529344729344729 0.03329572925060435 0.006148148148148147
1 0.19215551974214343 0.1055099715099715 0.05829572925060435 0.007014245014245015
2 0.06625705076551168 0.11086324786324786 0.009097502014504431 0.003193732193732194
3 0.020745366639806608 0.1111937321937322 0.02223609991941982 0.0031794871794871794
2 0.21488718775181306 0.11290598290598292 0.010386784850926672 0.002658119658119658
3 0.1009307010475423 0.11355270655270655 0.028996776792908945 0.002777777777777778
2 0.14739323126510878 0.11369230769230769 0.011244963738920226 0.0025783475783475785
1 0.1918654311039484 0.1142962962962963 0.058178887993553585 0.007088319088319088
3 0.18083400483481063 0.11448148148148148 0.03475825946817083 0.006293447293447293
1 0.11991941982272361 0.11675213675213676 0.0678726833199033 0.00968945868945869
1 0.04079774375503626 0.117994301994302 0.0627477840451249 0.017125356125356126
0 0.11838436744560837 0.1181025641025641 0.06390008058017728 0.005698005698005698
0 0.0311361804995971 0.11945584045584046 0.04346897663174859 0.01307977207977208
2 0.21440773569701851 0.12203703703703704 0.009895245769540692 0.0027635327635327635
3 0.1812973408541499 0.12213960113960114 0.03526188557614827 0.0033817663817663816
1 0.19161160354552778 0.12225356125356125 0.05813456889605157 0.004851851851851852
3 0.1045044319097502 0.1253846153846154 0.036353746978243354 0.003239316239316239
2 0.14647058823529413 0.1253846153846154 0.011269137792103142 0.00252991452991453
2 0.2141539081385979 0.1283019943019943 0.01032232070910556 0.0027492877492877495
1 0.19203867848509265 0.12854131054131054 0.05806204673650282 0.0038917378917378916
3 0.17841659951651892 0.1286125356125356 0.030141015310233683 0.0035156695156695157
1 0.11954875100725222 0.12906267806267807 0.06713134568896052 0.010871794871794871
3 0.028295729250604352 0.12999430199430198 0.03776390008058018 0.0029715099715099716
2 0.06620467365028203 0.13011111111111112 0.011792908944399678 0.003068376068376068
0 0.1100604351329573 0.130980056980057 0.04746978243352135 0.0067492877492877495
1 0.04072522159548751 0.13795156695156693 0.06400483481063658 0.018746438746438745
2 0.14576148267526187 0.13866096866096866 0.011720386784850927 0.0029999999999999996
3 0.09755439161966156 0.1388974358974359 0.02330781627719581 0.003145299145299145
0 0.035684931506849316 0.1392991452991453 0.05296535052377115 0.014800569800569801
2 0.21432715551974216 0.14042165242165242 0.009738114423851732 0.0035555555555555557
3 0.17735294117647057 0.14073789173789175 0.02779613215149073 0.0027606837606837607
1 0.19148670427074937 0.1423162393162393 0.05602336825141016 0.006683760683760684
0 0.18030620467365027 0.14382621082621083 0.03306204673650282 0.0036666666666666666
1 0.11922643029814667 0.14470655270655272 0.06695809830781628 0.015421652421652422
0 0.11773569701853345 0.14644729344729343 0.06281224818694602 0.010868945868945868
2 0.2141982272360999 0.14878917378917378 0.009476228847703464 0.0024643874643874644
3 0.16876309427880742 0.14884615384615385 0.009762288477034649 0.0024045584045584044
3 0.01752215954875101 0.15146153846153845 0.016216760676873488 0.0026666666666666666
2 0.06499194198227236 0.1515099715099715 0.011700241740531829 0.003282051282051282
1 0.1918009669621273 0.15152991452991454 0.056591458501208704 0.007925925925925927
0 0.19002417405318292 0.15267236467236467 0.05186140209508461 0.0052393162393162395
3 0.09615229653505238 0.15728205128205128 0.020080580177276392 0.0024045584045584044
2 0.145245769540693 0.15734757834757834 0.010692989524576953 0.0030740740740740737
0 0.02703062046736503 0.1575868945868946 0.03587429492344883 0.009490028490028491
1 0.040676873489121676 0.15781766381766382 0.06297743755036261 0.015566951566951566
3 0.17766317485898467 0.15856125356125356 0.027352941176470587 0.002552706552706553
2 0.2145487510072522 0.15856410256410255 0.009709911361804997 0.0025356125356125357
1 0.19358984689766318 0.16137037037037036 0.05929492344883158 0.00814814814814815
0 0.11491941982272362 0.16158404558404557 0.05718372280419017 0.004977207977207977
1 0.11898066075745367 0.16172649572649572 0.06693392425463336 0.012492877492877493
0 0.19339242546333602 0.16236752136752136 0.0583883964544722 0.00503988603988604
2 0.21398066075745367 0.1683105413105413 0.009045124899274778 0.002552706552706553
3 0.18117244157937148 0.16834188034188033 0.03458904109589041 0.002680911680911681
1 0.19363013698630135 0.17013105413105412 0.06123690572119259 0.006521367521367521
0 0.19346494762288477 0.17107977207977207 0.058956486704270755 0.002883190883190883