3 0.11098307816277195 0.06333048433048433 0.061728444802578566 0.0037065527065527066
1 0.11075342465753424 0.064988603988604 0.08540290088638194 0.008646723646723647
0 0.11139000805801774 0.06697720797720798 0.08284448025785657 0.0037094017094017094
3 0.11076954069298953 0.07563817663817664 0.06169218372280419 0.0036723646723646726
1 0.11074536663980661 0.07701709401709401 0.06355358581788881 0.0077863247863247855
0 0.11113618049959709 0.07894017094017093 0.04709911361804996 0.002968660968660969
3 0.11083400483481062 0.08747293447293447 0.038070104754230456 0.0037806267806267807
1 0.109709911361805 0.09268376068376068 0.07029411764705883 0.01339031339031339
0 0.11038275584206286 0.09370940170940172 0.06512892828364222 0.008945868945868945
3 0.11064867042707494 0.1057008547008547 0.07944802578565673 0.0036752136752136754
1 0.11039887187751812 0.10858689458689458 0.08201047542304593 0.01052991452991453
0 0.11047542304593069 0.11043304843304844 0.0603303787268332 0.0061025641025641035
3 0.11061643835616439 0.12084045584045583 0.04682514101531023 0.003353276353276353
1 0.11016921837228041 0.12434188034188035 0.05943996776792909 0.010934472934472935
0 0.11105962933118452 0.12573789173789174 0.05958501208702659 0.006376068376068376
3 0.11141015310233682 0.136002849002849 0.038843674456083804 0.0036153846153846154
1 0.11071716357775988 0.13900284900284898 0.05703867848509266 0.01097150997150997
0 0.11078162771958097 0.14086324786324786 0.05711522965350523 0.006025641025641025
3 0.11124899274778405 0.1512193732193732 0.02242949234488316 0.0034444444444444444
1 0.11006849315068493 0.1552079772079772 0.06828364222401288 0.011692307692307693
0 0.11077759871071716 0.1560997150997151 0.06706285253827558 0.007247863247863248
3 0.11122078968573731 0.16627635327635326 0.031571313456889606 0.0034985754985754985
1 0.11176873489121678 0.1697037037037037 0.056027397260273976 0.010082621082621084
0 0.11089041095890412 0.17073789173789172 0.05158340048348106 0.006190883190883191
3 0.11114020950846093 0.18134188034188034 0.01991136180499597 0.002754985754985755
1 0.1109709911361805 0.18632763532763533 0.07817485898468976 0.012994301994301995
0 0.11066881547139404 0.18776353276353275 0.07565672844480258 0.009096866096866097
3 0.11083400483481062 0.19969230769230767 0.028118452860596294 0.0031680911680911678
1 0.11059226430298147 0.19986324786324786 0.030310233682514103 0.004048433048433049