1 0.33059629331184526 0.2876752136752137 0.1279895245769541 0.051367521367521374
0 0.32479854955680904 0.2926125356125356 0.11136583400483482 0.04046723646723646
1 0.06193392425463336 0.29270370370370374 0.12020145044319097 0.036498575498575506
0 0.05801772763900081 0.2996068376068376 0.10985092667203868 0.020039886039886042
2 0.11616438356164384 0.3166039886039886 0.007957292506043514 0.005376068376068376
3 0.04313053988718775 0.3186980056980057 0.08091458501208704 0.005999999999999999
1 0.061083803384367454 0.3265128205128205 0.12216760676873491 0.02525071225071225
0 0.04781224818694601 0.3307834757834758 0.08943996776792909 0.015336182336182336
2 0.11572522159548752 0.3457378917378917 0.009589041095890411 0.004891737891737892
3 0.04313456889605157 0.34604273504273503 0.08092264302981467 0.004911680911680911
1 0.062187751813053985 0.34635042735042737 0.12070910556003224 0.00968091168091168
2 0.11517727639000806 0.08803703703703704 0.009339242546333601 0.005168091168091168
3 0.039693795326349715 0.0913162393162393 0.0748791297340854 0.012917378917378918
1 0.0618614020950846 0.10085470085470086 0.12110797743755035 0.0344985754985755
2 0.38721595487510074 0.10296866096866097 0.008775181305398873 0.004769230769230769
3 0.30285656728444804 0.10402849002849003 0.0691539081385979 0.005703703703703704
0 0.056514907332796134 0.10910826210826212 0.10768331990330378 0.014675213675213674
1 0.3318452860596293 0.11260113960113961 0.12965350523771152 0.027002849002849005
0 0.3261522965350524 0.11612820512820513 0.11334004834810636 0.0145982905982906
3 0.04320709105560032 0.12222792022792023 0.08023368251410153 0.0053076923076923075
2 0.11553988718775181 0.12238746438746438 0.008380338436744562 0.005626780626780627
1 0.06187348912167606 0.13397720797720797 0.12002820306204674 0.03056125356125356
3 0.3203867848509267 0.13554700854700855 0.10253827558420628 0.005837606837606838
2 0.38637389202256245 0.13554985754985754 0.010451248992747785 0.005843304843304844
0 0.05402095084609187 0.13866381766381766 0.10101933924254633 0.020376068376068375
1 0.3298549556809025 0.1485954415954416 0.12829572925060437 0.033122507122507125
0 0.32417405318291703 0.1532193732193732 0.1085697018533441 0.02004273504273504
3 0.16433924254633359 0.15450142450142448 0.05731265108783239 0.0045811965811965805
2 0.24964544721998388 0.1546837606837607 0.009730056406124094 0.004943019943019943
2 0.11608380338436745 0.15654985754985756 0.006958098307816277 0.005116809116809117
3 0.053630136986301376 0.16008831908831908 0.10023771152296534 0.01278917378917379
1 0.061941982272361 0.16417663817663816 0.11796132151490732 0.023022792022792022
1 0.19534246575342465 0.1673760683760684 0.12099919419822723 0.0332991452991453
0 0.04932312651087833 0.17147008547008546 0.09414585012087026 0.005883190883190882
0 0.18652699435938758 0.17247578347578346 0.10058823529411764 0.020754985754985755
2 0.38650282030620464 0.17646153846153845 0.00902497985495568 0.0051794871794871794
3 0.3176228847703465 0.18023361823361825 0.0978485092667204 0.012133903133903135
2 0.11657937147461725 0.18327065527065525 0.007107171635777599 0.0069344729344729345
3 0.037296535052377115 0.18364957264957266 0.07090249798549557 0.005242165242165242
1 0.06078968573730862 0.1901025641025641 0.12042707493956485 0.022965811965811964
0 0.04707091055600322 0.19434757834757835 0.09215551974214344 0.01068945868945869
1 0.3286905721192586 0.19656125356125353 0.12753424657534249 0.047754985754985754
2 0.24967365028203065 0.19842165242165244 0.00894842868654311 0.005190883190883191
3 0.17010475423045932 0.19864387464387465 0.06800161160354552 0.005632478632478633
0 0.324129734085415 0.20396296296296296 0.11010072522159547 0.029886039886039887
1 0.19522159548751009 0.21284900284900285 0.11823126510878323 0.037606837606837605
0 0.188638195004029 0.21743874643874644 0.10429089443996778 0.02378062678062678
2 0.38637389202256245 0.22913390313390314 0.01056406124093473 0.0057008547008547015
3 0.30880338436744564 0.22977207977207978 0.08105560032232072 0.006176638176638176
2 0.11730056406124093 0.23842165242165242 0.009387590652699436 0.0056695156695156694
1 0.3295366639806607 0.24114245014245014 0.12755036261079775 0.031287749287749286
3 0.0409508460918614 0.24235612535612536 0.07571716357775987 0.012353276353276352
2 0.24925463336019338 0.2431025641025641 0.009786462530217565 0.005538461538461539
0 0.3261079774375504 0.24521082621082624 0.1156607574536664 0.020438746438746436
3 0.18166398066075745 0.24862962962962964 0.09027800161160354 0.011846153846153847
1 0.0618614020950846 0.2536011396011396 0.12006043513295729 0.037216524216524216
0 0.05515713134568896 0.2607977207977208 0.1041337630942788 0.018971509971509974
1 0.19581385979049154 0.26224786324786326 0.1210958904109589 0.047504273504273505
3 0.2951813053988719 0.26627350427350427 0.05381144238517325 0.005
2 0.38745366639806605 0.26629914529914533 0.010088638195004029 0.006239316239316239
0 0.18933118452860598 0.2726068376068376 0.10729653505237711 0.025378917378917377
2 0.1165068493150685 0.2777834757834758 0.009476228847703464 0.004874643874643874
3 0.04683319903303787 0.28114814814814815 0.08831990330378728 0.012202279202279202