2 0.3412691377921031 0.33965242165242165 0.021740531829170025 0.011641025641025642
3 0.10894037066881547 0.3396695156695157 0.050527800161160354 0.010655270655270655
1 0.21712328767123287 0.34621367521367524 0.27150684931506847 0.025541310541310543
0 0.18937953263497181 0.3513105413105413 0.21120467365028203 0.007612535612535613
3 0.0935334407735697 0.3706125356125356 0.01973408541498791 0.009675213675213675
2 0.3410193392425463 0.37141595441595443 0.01903706688154714 0.009569800569800571
1 0.21720386784850929 0.3761481481481481 0.268348106365834 0.022943019943019942
0 0.1396494762288477 0.3825014245014245 0.11065269943593875 0.007165242165242165
3 0.11482272360999195 0.401991452991453 0.06274375503626108 0.011290598290598291
2 0.34070104754230457 0.40285185185185185 0.020604351329572924 0.00919088319088319
1 0.2178283642224013 0.4076467236467236 0.2696011281224819 0.023464387464387466
0 0.15886784850926672 0.41472079772079773 0.15018130539887187 0.008
3 0.11937550362610798 0.08113105413105412 0.070535858178888 0.0111994301994302
2 0.3419016921837228 0.08114529914529914 0.019697824335213537 0.010794871794871794
1 0.21787671232876712 0.09087464387464388 0.2718452860596293 0.03250997150997151
0 0.16542304593070103 0.09792022792022792 0.16336422240128928 0.015826210826210826
3 0.1117365028203062 0.12233333333333334 0.058553585817888804 0.010515669515669514
2 0.34174053182917 0.12268660968660969 0.019371474617244158 0.011105413105413105
1 0.21746172441579373 0.12754415954415954 0.2721796937953263 0.023943019943019946
0 0.17790088638195004 0.13519088319088318 0.18988315874294925 0.007874643874643875
2 0.3416156325543916 0.15496581196581194 0.020229653505237713 0.010068376068376069
3 0.10319097502014504 0.15529914529914532 0.04076148267526189 0.011273504273504273
1 0.2184689766317486 0.1601225071225071 0.2741982272360999 0.02272079772079772
0 0.14753021756647866 0.16834188034188033 0.1285979049153908 0.007877492877492877
3 0.10160757453666398 0.18821082621082622 0.035749395648670426 0.010595441595441594
2 0.3415874294923449 0.18827920227920228 0.0212812248186946 0.0110997150997151
1 0.21909750201450442 0.19338461538461538 0.27214343271555197 0.022874643874643875
0 0.15086623690572118 0.1998005698005698 0.13472199838839646 0.008347578347578348
2 0.34230056406124093 0.21986039886039888 0.020495568090249796 0.010225071225071226
3 0.13979854955680904 0.21993447293447294 0.11146253021756647 0.010746438746438746
1 0.2183078162771958 0.22966666666666666 0.27056406124093474 0.032185185185185185
0 0.15836422240128928 0.2357236467236467 0.14917405318291702 0.016207977207977207
3 0.115290088638195 0.26013960113960116 0.06508058017727639 0.010903133903133903
2 0.3420265914585012 0.2615128205128205 0.018839645447219982 0.009977207977207978
1 0.21691377921031427 0.27032478632478635 0.27108380338436744 0.03228490028490028
0 0.1571273166800967 0.27683475783475786 0.14887590652699437 0.015937321937321936