2 0.13482675261885577 0.29081196581196583 0.014693795326349717 0.0050427350427350425
3 0.11314665592264303 0.2908660968660969 0.024778404512489926 0.005150997150997151
1 0.12155922643029814 0.2981623931623931 0.15728444802578564 0.021165242165242168
0 0.1214262691377921 0.3017122507122507 0.15486301369863015 0.012487179487179487
3 0.11234891216760678 0.3154188034188034 0.020692989524576953 0.005623931623931624
2 0.13232070910556004 0.31544444444444447 0.015064464141821112 0.005088319088319088
1 0.12177276390008059 0.31976353276353275 0.12140209508460918 0.01472934472934473
0 0.12134971796937953 0.322974358974359 0.11949234488315874 0.00578917378917379
2 0.1395890410958904 0.34027635327635325 0.015515713134568895 0.005532763532763533
1 0.12184931506849316 0.3402934472934473 0.1619016921837228 0.008427350427350426
0 0.11538275584206285 0.3403447293447293 0.010608380338436744 0.005373219373219373
3 0.06390008058017728 0.3405498575498575 0.04353746978243352 0.0051994301994301995
3 0.07610394842868654 0.06492022792022792 0.03314665592264303 0.004931623931623931
2 0.18497179693795326 0.06535327635327635 0.012232070910556003 0.00501994301994302
1 0.12590249798549558 0.06595441595441595 0.1328928283642224 0.008091168091168091
1 0.12575745366639807 0.07544444444444444 0.1326027397260274 0.00652991452991453
2 0.18503223207091055 0.0754985754985755 0.012352941176470589 0.00450997150997151
3 0.08107977437550364 0.07550712250712249 0.041849315068493154 0.005401709401709402
3 0.0820467365028203 0.08523361823361823 0.04461724415793714 0.0049344729344729344
2 0.18475825946817082 0.08533618233618233 0.01346091861402095 0.005142450142450143
1 0.12495568090249798 0.08536182336182337 0.13342062852538275 0.006962962962962963
3 0.08314665592264303 0.09566666666666668 0.04640612409347301 0.004703703703703704
2 0.18511281224818693 0.09588034188034189 0.012510072522159549 0.00454985754985755
1 0.12583400483481064 0.0992051282051282 0.13355761482675263 0.01353846153846154
0 0.12131345688960517 0.10247863247863248 0.11941982272360999 0.004267806267806268
3 0.0814867042707494 0.1123019943019943 0.04349315068493151 0.005162393162393163
2 0.1849838839645447 0.11231623931623932 0.011837228041901692 0.004313390313390314
1 0.12569298952457697 0.11815384615384616 0.13327558420628527 0.01777207977207977
0 0.1242989524576954 0.12171509971509972 0.12165995165189362 0.009635327635327635
3 0.09009669621273167 0.13434757834757835 0.06154713940370669 0.0050142450142450145
2 0.18488315874294922 0.13443304843304843 0.012054794520547946 0.004891737891737892
1 0.1262570507655117 0.13774074074074075 0.13521756647864625 0.013005698005698006
0 0.12500402900886382 0.1411111111111111 0.09696615632554391 0.004772079772079772
3 0.07715954875100725 0.17871794871794872 0.049347300564061246 0.005566951566951567
2 0.18546333601933923 0.17885185185185185 0.011966156325543915 0.004957264957264957
1 0.12721998388396455 0.18207407407407408 0.15166398066075745 0.015518518518518518
0 0.13094681708299757 0.18594586894586893 0.14324335213537467 0.004786324786324786
2 0.18481466559226428 0.1955270655270655 0.012332796132151491 0.004908831908831909
3 0.07794923448831588 0.19555270655270654 0.051752618855761476 0.005840455840455841
1 0.12087832393231264 0.20075783475783474 0.19778404512489928 0.016934472934472936
0 0.1213013698630137 0.2043133903133903 0.1977074939564867 0.006074074074074074
2 0.18567687348912168 0.21356410256410258 0.012397260273972602 0.004948717948717949
3 0.06941176470588235 0.21432763532763532 0.033428686543110396 0.006766381766381766
1 0.12201853344077358 0.21727065527065528 0.14207091055600324 0.014586894586894588
0 0.12182514101531024 0.2207834757834758 0.125 0.0044444444444444444
2 0.13161966156325544 0.27265811965811965 0.014903303787268334 0.004774928774928775
3 0.11307413376309428 0.2726866096866097 0.018005640612409345 0.0057094017094017095
1 0.1210958904109589 0.27686609686609687 0.19186946011281225 0.01566096866096866
0 0.12159145850120871 0.27967521367521364 0.1899959709911362 0.005438746438746439