2 0.18657937147461723 0.36271794871794877 0.009589041095890411 0.0055242165242165246
3 0.23172844480257856 0.36292877492877496 0.04088235294117647 0.005225071225071225
2 0.37453666398066077 0.36347578347578346 0.012546333601933924 0.005262108262108262
3 0.032832393231265106 0.3635726495726496 0.021817082997582594 0.0052393162393162395
1 0.10607171635777599 0.3692820512820513 0.17033843674456084 0.019988603988603987
1 0.2981144238517325 0.3696068376068376 0.17534649476228847 0.01988888888888889
0 0.2964141821112007 0.37263817663817667 0.17070104754230458 0.011270655270655272
0 0.10323932312651088 0.37326210826210826 0.16443190975020144 0.012199430199430199
2 0.3750805801772764 0.38828205128205123 0.012115229653505238 0.00498005698005698
2 0.184129734085415 0.38845868945868944 0.012252215954875101 0.0049743589743589745
3 0.23572925060435135 0.3885726495726496 0.04887590652699436 0.006834757834757834
3 0.06520145044319098 0.38872649572649576 0.0870064464141821 0.005233618233618234
1 0.10735294117647058 0.39166666666666666 0.1718412570507655 0.01294871794871795
0 0.09644238517324738 0.3950997150997151 0.14903303787268332 0.005561253561253561
1 0.29719983883964546 0.39525071225071223 0.17139403706688153 0.020119658119658122
0 0.29157937147461727 0.3985584045584046 0.15832796132151492 0.011524216524216525
3 0.0701651893634166 0.40707122507122506 0.09648267526188557 0.005635327635327636
2 0.1851893634165995 0.4076638176638177 0.012860596293311845 0.004897435897435898
1 0.10810233682514102 0.41056410256410253 0.17440370668815472 0.013954415954415954
2 0.37589443996776795 0.41380056980056984 0.012232070910556003 0.005766381766381766
3 0.25728041901692184 0.4139173789173789 0.09062852538275584 0.005937321937321938
0 0.08944802578565672 0.41445014245014244 0.13594681708299758 0.0070028490028490025
1 0.2981950040290089 0.41942165242165247 0.17444399677679293 0.019655270655270653
0 0.2911361804995971 0.42375213675213674 0.158348106365834 0.011917378917378917
2 0.18565269943593876 0.42656410256410254 0.009250604351329574 0.004917378917378918
3 0.06571716357775988 0.4267834757834758 0.08713537469782434 0.0046011396011396005
1 0.1076228847703465 0.43012820512820515 0.17238114423851733 0.014037037037037037
0 0.10321514907332796 0.43335897435897436 0.1621273166800967 0.005974358974358974
2 0.375624496373892 0.43892877492877497 0.012703464947622886 0.005413105413105413
3 0.241317485898469 0.4391025641025641 0.05825946817082998 0.005361823361823362
1 0.29694601128122483 0.44247293447293445 0.17088235294117646 0.013948717948717949
0 0.2930217566478646 0.4460769230769231 0.16120870265914586 0.006569800569800569
3 0.2583078162771958 0.12135897435897437 0.09133763094278807 0.005794871794871795
2 0.185334407735697 0.12151282051282052 0.01290491539081386 0.006230769230769231
3 0.06668815471394038 0.1217891737891738 0.08953263497179693 0.005068376068376068
2 0.3762812248186946 0.12191737891737892 0.013207091055600324 0.005735042735042735
1 0.10709911361804995 0.12761538461538463 0.17133763094278806 0.01945868945868946
1 0.2978082191780822 0.12830484330484332 0.17048348106365832 0.019339031339031337
0 0.10489524576954071 0.13176068376068376 0.16594278807413376 0.012586894586894586
0 0.2972199838839646 0.13187749287749287 0.1691539081385979 0.013461538461538462
3 0.24633360193392426 0.14672934472934474 0.0687389202256245 0.0052678062678062675
2 0.1853142626913779 0.1467948717948718 0.012868654311039484 0.006011396011396012
2 0.3762167606768735 0.1469173789173789 0.009887187751813053 0.0047777777777777775
3 0.052107171635777605 0.14716239316239316 0.060370668815471394 0.005498575498575499
1 0.10670829975825948 0.15632763532763533 0.1716156325543916 0.026575498575498575
1 0.29827558420628525 0.15635612535612534 0.17248589846897663 0.025133903133903134
0 0.2971152296535053 0.15993162393162394 0.16984689766317487 0.018615384615384617
0 0.10513698630136986 0.15996866096866097 0.16687348912167607 0.018376068376068377
2 0.37628525382755845 0.17847008547008544 0.010032232070910556 0.005202279202279203
3 0.24570507655116844 0.1786011396011396 0.06658340048348106 0.0056410256410256415
2 0.18432312651087832 0.17861823361823362 0.013303787268331991 0.005754985754985755
3 0.06343271555197422 0.17886039886039884 0.08301772763900081 0.0048860398860398856
1 0.29752618855761487 0.18464102564102566 0.17098307816277195 0.020131054131054132
1 0.10647058823529411 0.18536467236467236 0.1700805801772764 0.018578347578347577
0 0.09975423045930701 0.18820227920227922 0.15521353746978245 0.012746438746438746
0 0.28265511684125705 0.18823646723646725 0.14047945205479453 0.012173789173789173
3 0.04924657534246576 0.20365811965811967 0.0541941982272361 0.005581196581196581
3 0.2576510878323932 0.20400854700854704 0.08956889605157131 0.006461538461538461
2 0.18467365028203062 0.20405413105413106 0.013199033037872683 0.005273504273504274
2 0.37537872683319906 0.2042136752136752 0.013315874294923447 0.005632478632478633
1 0.29868654311039483 0.20987179487179486 0.17224012892828364 0.021034188034188033
1 0.10708299758259467 0.21031623931623933 0.1713013698630137 0.019672364672364672
0 0.10667203867848508 0.21364102564102563 0.16949637389202257 0.012037037037037037
0 0.29188154713940373 0.21386609686609687 0.15893634165995166 0.012168091168091168