2 0.20527800161160353 0.31845299145299144 0.029826752618855763 0.007005698005698006
1 0.1231829170024174 0.31850712250712254 0.19616035455278003 0.00901139601139601
3 0.07860193392425463 0.31889173789173786 0.10058017727639 0.0060911680911680905
2 0.20538275584206284 0.33051566951566946 0.030036261079774373 0.00643019943019943
1 0.12557211925866238 0.33057834757834753 0.19690572119258665 0.011304843304843305
3 0.09548751007252215 0.330977207977208 0.13434730056406124 0.006735042735042735
2 0.2044802578565673 0.34171225071225075 0.028231265108783238 0.006019943019943019
1 0.12433118452860595 0.3420626780626781 0.19387187751813054 0.011330484330484331
3 0.07522562449637389 0.34297150997150994 0.09382352941176471 0.006586894586894587
1 0.12310636583400483 0.4017606837606838 0.19331587429492345 0.009256410256410257
2 0.20474214343271555 0.40184045584045586 0.02740934730056406 0.005618233618233618
3 0.08284448025785657 0.40313675213675215 0.10906124093473006 0.006253561253561253
1 0.1240733279613215 0.41352421652421656 0.192566478646253 0.01093162393162393
2 0.20537872683319902 0.41395441595441596 0.02734488315874295 0.006088319088319088
3 0.07656728444802578 0.41423646723646723 0.09480257856567285 0.006732193732193732
1 0.1228928283642224 0.42524216524216524 0.19674858984689766 0.010284900284900285
2 0.20479854955680904 0.42543589743589744 0.027526188557614822 0.0071994301994301995
3 0.0916921837228042 0.42585185185185187 0.12846091861402095 0.007037037037037037
2 0.4558340048348107 0.05816239316239316 0.025753424657534246 0.006116809116809116
1 0.3731184528605963 0.05851282051282051 0.19352941176470587 0.009663817663817664
3 0.3153505237711523 0.058908831908831914 0.07408944399677679 0.005595441595441596
1 0.3732433521353747 0.06954415954415955 0.19585817888799356 0.010076923076923075
2 0.4551208702659145 0.07033903133903134 0.02701853344077357 0.006715099715099715
3 0.3247663174858985 0.07044444444444445 0.09377115229653506 0.006341880341880342
1 0.3746454472199839 0.08117378917378917 0.1965874294923449 0.010333333333333335
2 0.4540290088638195 0.08154700854700855 0.027518130539887185 0.00633048433048433
3 0.3281385979049154 0.08214814814814814 0.09795729250604351 0.006225071225071225
2 0.45484286865431106 0.14184045584045585 0.029145850120870266 0.007207977207977208
3 0.33315068493150685 0.14214245014245014 0.10883158742949235 0.006148148148148147
1 0.3731869460112812 0.14236467236467237 0.19635777598710719 0.010156695156695157
1 0.374576954069299 0.1530854700854701 0.19587429492344885 0.012105413105413106
2 0.45535455278001613 0.1537150997150997 0.027477840451248993 0.007202279202279203
3 0.33721595487510075 0.1540854700854701 0.11696615632554391 0.006507122507122507
2 0.45432312651087836 0.1651054131054131 0.02541498791297341 0.006233618233618233
1 0.3741539081385979 0.1652108262108262 0.19425463336019339 0.011193732193732193
3 0.3299838839645447 0.16533333333333336 0.10249395648670427 0.006678062678062678
2 0.45458501208702656 0.22586039886039885 0.027284448025785658 0.007082621082621083
1 0.374262691377921 0.2260911680911681 0.19447219983883965 0.009444444444444445
3 0.3208460918614021 0.2261111111111111 0.0833682514101531 0.006358974358974359
3 0.08664383561643836 0.23563247863247866 0.11666398066075745 0.006698005698005698
2 0.20477437550362612 0.23565242165242165 0.02882352941176471 0.008615384615384615
1 0.12345688960515713 0.23593732193732192 0.19267526188557615 0.012037037037037037
1 0.3753746978243352 0.23727065527065527 0.19804593070104753 0.012800569800569801
2 0.45653505237711517 0.2373333333333333 0.029842868654311037 0.007227920227920228
3 0.34626913779210317 0.23776353276353276 0.1342143432715552 0.005532763532763533
3 0.07690169218372281 0.24723361823361822 0.09632554391619662 0.0057692307692307696
2 0.2051450443190975 0.2475213675213675 0.029560838033843677 0.008603988603988604
1 0.12422240128928283 0.24777207977207977 0.19421031426269136 0.011954415954415955
2 0.45442385173247385 0.24856125356125358 0.02830378726833199 0.005931623931623932
3 0.34167606768734887 0.24917948717948718 0.1267324738114424 0.006037037037037038
1 0.3743714746172442 0.24919373219373217 0.19603948428686543 0.00935897435897436
2 0.20554391619661563 0.259022792022792 0.027675261885576147 0.006398860398860399
3 0.07092667203867849 0.25905128205128203 0.08352135374697825 0.005871794871794872
1 0.12437953263497178 0.2598034188034188 0.1951208702659146 0.010538461538461538