3 0.050697018533440774 0.12082621082621084 0.03947219983883964 0.0043475783475783476
1 0.11278404512489927 0.12727635327635328 0.16298146655922643 0.016774928774928775
2 0.18286462530217568 0.13034757834757835 0.02259871071716358 0.008381766381766383
0 0.09868654311039485 0.13062393162393163 0.13478243352135374 0.009871794871794872
3 0.05130942788074134 0.1441054131054131 0.04069298952457696 0.004472934472934472
1 0.11255439161966158 0.1502136752136752 0.16385173247381143 0.017159544159544158
2 0.18288074133763096 0.15391737891737892 0.022626913779210313 0.00815099715099715
0 0.09793714746172442 0.15393447293447293 0.13461724415793716 0.009595441595441595
3 0.05167203867848509 0.16778062678062677 0.04009266720386785 0.004455840455840456
1 0.11267929089443997 0.17392307692307693 0.16335616438356165 0.016686609686609687
0 0.0981184528605963 0.17707977207977207 0.1336502820306205 0.009925925925925927
2 0.1826269137792103 0.17714245014245014 0.022784045124899274 0.008173789173789175
3 0.05121273166800967 0.1926866096866097 0.04050362610797744 0.0050227920227920225
1 0.11269943593875907 0.19866096866096863 0.16339242546333602 0.01692022792022792
2 0.1826430298146656 0.20186324786324786 0.02282030620467365 0.007900284900284901
0 0.09831990330378727 0.20201424501424503 0.1340491539081386 0.01101994301994302
3 0.0517969379532635 0.21594301994301995 0.04034649476228848 0.004638176638176638
1 0.11285253827558421 0.22195441595441595 0.16245366639806608 0.017133903133903134
2 0.18271152296535054 0.22524216524216525 0.022288477034649475 0.008227920227920228
0 0.09839242546333603 0.22555270655270657 0.13419822723609992 0.009789173789173789