1 0.4771273166800967 0.30635042735042733 0.2753102336825141 0.020387464387464388
1 0.18493553585817887 0.31752421652421653 0.2505922643029815 0.019148148148148147
1 0.47669621273166807 0.3314131054131054 0.28000805801772766 0.03250997150997151
1 0.18767929089443997 0.3366980056980057 0.2523690572119259 0.01817948717948718
1 0.1850040290088638 0.3543048433048433 0.25628525382755846 0.018014245014245013
1 0.47685334407735697 0.35751851851851857 0.28217566478646255 0.01789173789173789
1 0.18542304593070105 0.3727037037037037 0.25341659951651896 0.01811680911680912
1 0.47832796132151495 0.3752421652421652 0.2740048348106366 0.017951566951566952
1 0.18493150684931506 0.3918518518518519 0.25243352135374697 0.019723646723646723
1 0.4750644641418211 0.39396581196581193 0.2711845286059629 0.01870940170940171
2 0.28069298952457694 0.05681196581196581 0.05663577759871071 0.015341880341880342
1 0.18779613215149074 0.05743874643874644 0.2507453666398066 0.019213675213675212
1 0.5545286059629331 0.06316809116809116 0.1058058017727639 0.03854131054131054
2 0.574439967767929 0.07081481481481482 0.06037469782433521 0.017139601139601137
1 0.1874617244157937 0.07454131054131054 0.25749798549556807 0.01672934472934473
2 0.2791498791297341 0.07576638176638177 0.06096293311845286 0.01262962962962963
1 0.18603948428686543 0.09329059829059828 0.2546494762288477 0.01884615384615385
2 0.28080580177276393 0.09375498575498575 0.05686543110394842 0.011914529914529915
1 0.5505842062852538 0.10933618233618234 0.11458904109589042 0.03783190883190883
1 0.40908138597904914 0.10980911680911681 0.13736502820306204 0.038780626780626784
1 0.18520145044319097 0.11167806267806268 0.24926672038678482 0.02023931623931624
2 0.28087429492344884 0.11257549857549858 0.05515310233682513 0.014168091168091167
2 0.5735213537469782 0.11945299145299144 0.06039484286865431 0.014820512820512822
2 0.44773972602739726 0.11985470085470086 0.05900886381950041 0.014316239316239316
1 0.4388195004029009 0.1573105413105413 0.20054391619661563 0.038119658119658124
1 0.5837066881547139 0.1591709401709402 0.0696494762288477 0.039219373219373216
2 0.5026188557614827 0.1676096866096866 0.05943190975020145 0.01678632478632479
2 0.5832312651087832 0.16823361823361824 0.05943190975020145 0.015413105413105414
2 0.2815471394037067 0.19187464387464387 0.056490733279613216 0.012897435897435899
1 0.1647945205479452 0.1922108262108262 0.2992586623690572 0.0175014245014245
1 0.4056204673650282 0.20649857549857548 0.13414987912973408 0.036903133903133906
1 0.5482272360999194 0.20674074074074072 0.11914585012087028 0.03607977207977208
2 0.28188960515713135 0.21069515669515668 0.059029008863819496 0.013849002849002848
1 0.16655922643029814 0.2111908831908832 0.30093070104754227 0.017458689458689457
2 0.5750765511684125 0.215994301994302 0.056091861402095086 0.015273504273504273
2 0.43767526188557615 0.21625925925925926 0.05556003223207091 0.015800569800569802
2 0.28164786462530217 0.22841025641025642 0.06039887187751813 0.013897435897435898
1 0.16447622884770347 0.22945584045584044 0.29862207896857373 0.018609686609686607
1 0.16552377115229652 0.24602849002849 0.29886784850926673 0.017683760683760683
2 0.28120064464141825 0.2473846153846154 0.057651087832393234 0.012532763532763534
1 0.1656406124093473 0.2650626780626781 0.2953908138597905 0.017746438746438747
2 0.281764705882353 0.2660997150997151 0.05878323932312651 0.011957264957264957
1 0.16526591458501208 0.28313390313390313 0.30205479452054795 0.019817663817663818