3 0.05472602739726028 0.11224216524216525 0.0682030620467365 0.006079772079772079
2 0.14538678485092668 0.11241310541310541 0.02702659145850121 0.007811965811965813
1 0.0913215149073328 0.11564957264957265 0.14296535052377113 0.01654131054131054
0 0.07765914585012088 0.12062393162393162 0.11338033843674457 0.0069002849002849
3 0.06019742143432715 0.13133333333333333 0.07709508460918614 0.007056980056980057
2 0.1458460918614021 0.13177207977207978 0.029008863819500404 0.008236467236467237
1 0.09079774375503627 0.13518803418803418 0.1429774375503626 0.015071225071225072
0 0.07709105560032233 0.13917948717948717 0.11224415793714745 0.006803418803418803
3 0.03796132151490733 0.15034757834757836 0.03330378726833199 0.0069145299145299145
2 0.14591861402095085 0.15047578347578347 0.030217566478646252 0.008851851851851852
1 0.09120064464141822 0.1543162393162393 0.14272360999194197 0.017284900284900286
0 0.07759468170829976 0.15854415954415954 0.11325543916196616 0.007361823361823362
3 0.029802578565672845 0.16875498575498576 0.01766720386784851 0.007005698005698006
2 0.14544721998388396 0.16914529914529916 0.02821112006446414 0.007142450142450143
1 0.09107574536663982 0.17176923076923076 0.14352941176470588 0.018396011396011394
0 0.077187751813054 0.17735612535612535 0.11244560838033843 0.006324786324786324
3 0.035592264302981465 0.18732763532763533 0.028199033037872683 0.008025641025641026
2 0.14553988718775182 0.18803703703703703 0.028392425463336018 0.008131054131054131
1 0.09085414987912974 0.192031339031339 0.14309427880741338 0.017621082621082623
0 0.0784931506849315 0.196008547008547 0.11436744560838034 0.0059458689458689465