2 0.7062127316680097 0.28721937321937324 0.04338033843674456 0.00909116809116809
3 0.37232473811442385 0.28763247863247865 0.5580620467365027 0.010763532763532764
1 0.4103706688154714 0.28769515669515666 0.6497179693795326 0.015225071225071225
3 0.13804995970991135 0.3012792022792023 0.08796535052377116 0.008461538461538461
1 0.4085576148267526 0.3020541310541311 0.6478485092667204 0.016615384615384615
2 0.7091659951651894 0.30292022792022794 0.03796535052377115 0.009789173789173789
3 0.16427074939564867 0.316045584045584 0.1413376309427881 0.010923076923076924
2 0.7099637389202257 0.3167891737891738 0.03955680902497986 0.00882051282051282
1 0.4084045124899275 0.3173076923076923 0.6492949234488316 0.016074074074074074
3 0.18688557614826753 0.33158689458689455 0.187187751813054 0.01317094017094017
2 0.7104512489927477 0.3321025641025641 0.03958904109589041 0.010749287749287748
1 0.41006446414182113 0.3326438746438746 0.6526188557614827 0.016937321937321937
3 0.10034246575342466 0.37413105413105413 0.15051571313456888 0.01166951566951567
1 0.3806285253827559 0.3745213675213675 0.7149435938759066 0.014988603988603988
2 0.7127518130539887 0.37534757834757837 0.042300564061240935 0.00913105413105413
1 0.3803867848509267 0.38881481481481484 0.717969379532635 0.01500854700854701
3 0.09013698630136986 0.3898746438746439 0.13320306204673651 0.011367521367521368
2 0.7132111200644642 0.3906752136752137 0.039448025785656725 0.009085470085470086
3 0.08742546333601935 0.40405128205128205 0.12467365028203062 0.010125356125356125
1 0.38012489927477844 0.40489173789173794 0.7209669621273167 0.01752991452991453
2 0.7135898468976632 0.4058803418803419 0.04114423851732474 0.00878917378917379
2 0.7132232070910556 0.44529914529914527 0.04477034649476229 0.009373219373219372
3 0.165825946817083 0.44562962962962965 0.27992747784045124 0.013262108262108262
1 0.3834206285253827 0.4458062678062678 0.7170145044319098 0.017207977207977208
3 0.13357775987107173 0.4600968660968661 0.213883964544722 0.010413105413105412
2 0.7139806607574536 0.4605270655270655 0.04433118452860596 0.009370370370370371
1 0.3845004029008864 0.4606296296296296 0.7174214343271555 0.012074074074074076
1 0.38626913779210315 0.4741054131054131 0.7209548751007252 0.016669515669515668
3 0.1712651087832393 0.47460398860398856 0.2877034649476229 0.01201994301994302
2 0.7159186140209509 0.47615954415954415 0.04233279613215149 0.008096866096866098
1 0.3869258662369057 0.4895669515669516 0.7222643029814666 0.016538461538461537
3 0.26746172441579374 0.4904928774928775 0.48319903303787265 0.012014245014245015
2 0.7161039484286865 0.49124786324786324 0.04368654311039485 0.009891737891737891
1 0.3854995970991136 0.5056210826210826 0.7194198227236099 0.0176011396011396
3 0.27867445608380337 0.506048433048433 0.5025261885576148 0.011339031339031339
2 0.7153263497179694 0.5067948717948718 0.04506849315068493 0.009142450142450144
3 0.16163577759871073 0.5207521367521367 0.2709911361804996 0.010774928774928775
1 0.3847058823529412 0.5211652421652422 0.7195890410958904 0.01639031339031339
2 0.7164625302175665 0.5228062678062678 0.04047945205479452 0.01070940170940171
3 0.1818775181305399 0.5628803418803419 0.31203464947622883 0.012096866096866096
1 0.3846373892022562 0.5635327635327635 0.7229613215149073 0.016669515669515668
2 0.7195406929895246 0.5656068376068376 0.04663980660757454 0.009088319088319087
3 0.17433118452860596 0.5784700854700855 0.2953867848509267 0.01149002849002849
1 0.38552780016116034 0.5793190883190883 0.7194721998388397 0.013467236467236469
2 0.7183400483481064 0.5803333333333334 0.04424254633360193 0.010159544159544159
3 0.09997582594681707 0.593905982905983 0.14667606768734892 0.01166951566951567
1 0.3855560032232071 0.5945754985754986 0.7212892828364222 0.017894586894586895
2 0.7186704270749396 0.5956011396011396 0.043924254633360194 0.009538461538461537
3 0.15978646253021755 0.6093304843304843 0.2678525382755842 0.010735042735042735
1 0.3873368251410153 0.6093817663817663 0.7207413376309428 0.011945868945868946
2 0.6989564867042707 0.060974358974358975 0.045862207896857375 0.009148148148148148
2 0.720447219983884 0.6105698005698006 0.0455157131345689 0.009715099715099715
1 0.37883964544722 0.06189458689458689 0.7184810636583401 0.015410256410256411
1 0.387030620467365 0.623962962962963 0.7189645447219984 0.017051282051282052
3 0.14666398066075745 0.625008547008547 0.24005640612409349 0.012492877492877493
2 0.7201893634165996 0.6268461538461538 0.04402497985495568 0.009037037037037036
3 0.17182917002417405 0.06301709401709402 0.29321112006446415 0.010019943019943021
3 0.21922643029814665 0.6411396011396011 0.38517727639000804 0.012971509971509972
1 0.3878928283642224 0.642014245014245 0.7224415793714746 0.018376068376068377
2 0.7209871071716358 0.6423076923076924 0.04464141821112006 0.009498575498575499
1 0.3863900080580177 0.6858091168091168 0.7159266720386785 0.012421652421652421
3 0.09459709911361805 0.6861794871794871 0.13127316680096696 0.010977207977207977
2 0.7216841257050766 0.6891253561253561 0.04505237711522965 0.008301994301994303
1 0.38728847703464947 0.7010512820512821 0.7194802578565673 0.014726495726495726
3 0.13118855761482676 0.7016780626780627 0.20135374697824335 0.012376068376068375
2 0.7215995165189364 0.7041424501424501 0.042929089443996774 0.009256410256410257
1 0.3893352135374698 0.71697150997151 0.7218170829975826 0.01675783475783476
3 0.16168815471394038 0.7172934472934472 0.2654512489927478 0.010726495726495726
2 0.7223166800966963 0.7194786324786324 0.04534246575342466 0.010165242165242165
3 0.14057211925866236 0.7319515669515669 0.22476631748589848 0.011544159544159546
1 0.3896736502820306 0.7334358974358974 0.7224939564867042 0.019880341880341882
2 0.7214504431909751 0.7351566951566951 0.04556406124093473 0.008985754985754985
3 0.19966559226430297 0.7493532763532763 0.33675664786462534 0.012364672364672364
1 0.3909065269943594 0.7503105413105413 0.7231990330378727 0.014544159544159543
2 0.7231587429492345 0.7513247863247864 0.04311039484286865 0.01086039886039886
1 0.37522159548751005 0.07574358974358975 0.7125181305398872 0.012153846153846152
3 0.180491539081386 0.07598860398860399 0.3154552780016116 0.00947863247863248
2 0.7007735697018533 0.07603988603988604 0.04383158742949235 0.007905982905982906
3 0.1095890410958904 0.7929287749287749 0.1581587429492345 0.012920227920227921
1 0.3906809024979855 0.7935498575498576 0.7291861402095084 0.014806267806267806
2 0.7257332796132151 0.7954245014245015 0.0443392425463336 0.009071225071225071
3 0.1444238517324738 0.808934472934473 0.22317082997582594 0.01205128205128205
1 0.3922965350523771 0.8093618233618234 0.7242264302981466 0.016925925925925924
2 0.725825946817083 0.8105925925925925 0.0445245769540693 0.011715099715099715
3 0.11598710717163578 0.8233076923076923 0.16852538275584206 0.011814814814814814
1 0.3932433521353747 0.8240797720797721 0.7261200644641418 0.017344729344729345
2 0.7269016921837228 0.8262450142450142 0.04221595487510073 0.010484330484330484
3 0.1259911361804996 0.8393931623931624 0.18571716357775986 0.011433048433048433
1 0.39497582594681707 0.8405840455840455 0.7243150684931506 0.015575498575498576
2 0.727788074133763 0.842025641025641 0.044532634971796936 0.010205128205128205
3 0.1726269137792103 0.8546153846153846 0.28311039484286865 0.012777777777777779
1 0.391853344077357 0.855985754985755 0.7233400483481064 0.014327635327635327
2 0.7271031426269138 0.8577407407407408 0.045124899274778404 0.01048148148148148
3 0.14398468976631748 0.8888091168091168 0.22724012892828363 0.013444444444444445
1 0.3912812248186946 0.8894985754985755 0.7239564867042707 0.017766381766381765
2 0.7264907332796132 0.8919145299145299 0.04292506043513296 0.011683760683760683
1 0.3752739726027397 0.08996866096866098 0.7098066075745366 0.018364672364672364
3 0.11501611603545529 0.9034586894586895 0.17356970185334408 0.013743589743589744
1 0.3927195809830782 0.9053960113960114 0.7321031426269138 0.017267806267806267
2 0.7001450443190975 0.09084045584045584 0.04257453666398066 0.009472934472934473
2 0.7277115229653506 0.9084586894586895 0.04634165995165189 0.010162393162393164
3 0.2928404512489928 0.09194586894586895 0.5401611603545529 0.010700854700854702
3 0.18063255439161965 0.9197264957264957 0.30275584206285255 0.012994301994301995
1 0.3896051571313457 0.9221452991452992 0.732119258662369 0.015925925925925927
2 0.7232675261885576 0.9238632478632479 0.05409750201450444 0.01050997150997151
3 0.15105962933118453 0.935054131054131 0.2425382755842063 0.011934472934472935
1 0.39288074133763096 0.9375754985754985 0.7253908138597905 0.014313390313390314
2 0.7226954069298952 0.9399373219373219 0.05392828364222401 0.00943019943019943
3 0.13886784850926673 0.9510000000000001 0.22042304593070106 0.01182905982905983
1 0.3920265914585012 0.953925925925926 0.7272038678485093 0.015492877492877494
2 0.7246212731668009 0.9557720797720798 0.05680096696212731 0.009948717948717949
3 0.21704673650282033 0.9673703703703703 0.3787389202256245 0.014165242165242165
1 0.39395648670427075 0.9695156695156695 0.7363255439161966 0.015421652421652422
2 0.7289887187751812 0.9710655270655271 0.04497582594681708 0.01146153846153846
3 0.15071313456889604 0.9823504273504274 0.24323126510878326 0.013797720797720797
1 0.395447219983884 0.9854672364672364 0.7340451248992749 0.014797720797720798
2 0.7309589041095891 0.9872678062678063 0.045 0.011327635327635328
2 0.7010999194198227 0.15343019943019942 0.0444842868654311 0.009168091168091167
3 0.23505237711522964 0.15344159544159544 0.28042304593070105 0.007643874643874643
1 0.4128001611603545 0.15388319088319088 0.6428767123287671 0.01443019943019943
3 0.22349717969379534 0.16805128205128206 0.2619621273166801 0.009458689458689459
2 0.701809024979855 0.16831623931623932 0.043074133763094276 0.0089002849002849
1 0.40906124093473006 0.16844159544159545 0.6471796937953264 0.015401709401709403
2 0.7028122481869461 0.18288034188034188 0.04413376309427881 0.00866096866096866
1 0.41101128122481867 0.1829031339031339 0.6492385173247381 0.015547008547008547
3 0.1617163577759871 0.18314245014245015 0.14459709911361804 0.008948717948717948
1 0.41114826752618855 0.19721367521367522 0.6424899274778405 0.015603988603988605
2 0.7030217566478647 0.19744159544159542 0.04266720386784851 0.008415954415954417
3 0.22651087832393232 0.19764672364672364 0.27418614020950843 0.009458689458689459
3 0.20045930701047543 0.2122820512820513 0.2220829975825947 0.009133903133903134
1 0.41031023368251407 0.2123789173789174 0.6478364222401289 0.014883190883190884
2 0.7050322320709106 0.2126011396011396 0.04007655116841257 0.009364672364672364
1 0.4101893634165995 0.24193162393162393 0.6458460918614021 0.01560968660968661
2 0.7052296535052378 0.24251566951566952 0.04424657534246575 0.009125356125356126
3 0.22982272360999192 0.24267521367521366 0.28080983078162775 0.009635327635327635
1 0.4113456889605157 0.2565811965811966 0.6499153908138597 0.016341880341880343
3 0.2202256244963739 0.2570997150997151 0.2631668009669621 0.009985754985754986
2 0.7054995970991136 0.2573162393162393 0.046672038678485094 0.010022792022792023
3 0.31900080580177276 0.2715099715099715 0.44986704270749395 0.011401709401709403
2 0.7068049959709911 0.2722763532763533 0.04362207896857373 0.008572649572649572
1 0.4107091055600322 0.2728888888888889 0.6486381950040291 0.01666096866096866