2 0.43284850926672036 0.28785754985754985 0.024633360193392427 0.0059658119658119665
3 0.3421796937953263 0.2881054131054131 0.11261482675261886 0.0064643874643874645
1 0.36966962127316677 0.29392877492877495 0.18235697018533442 0.02077207977207977
0 0.3681587429492345 0.2973076923076923 0.15928283642224011 0.011752136752136752
2 0.202477840451249 0.30121082621082623 0.023448831587429494 0.00788034188034188
3 0.07961321514907332 0.3012136752136752 0.11493553585817888 0.006299145299145299
3 0.34117244157937143 0.3095071225071225 0.06359790491539082 0.006535612535612536
1 0.11885576148267527 0.30964672364672363 0.19645044319097502 0.028937321937321934
2 0.40946817082997583 0.3096837606837607 0.025616438356164384 0.007418803418803419
0 0.11868251410153102 0.314019943019943 0.19282030620467364 0.018188034188034188
1 0.37026591458501207 0.31515954415954417 0.19790491539081387 0.021222222222222222
0 0.3658863819500403 0.31899145299145304 0.18490330378726832 0.011153846153846153
3 0.042312651087832394 0.3288803418803419 0.04107977437550362 0.00676923076923077
2 0.20097904915390813 0.32952991452991454 0.02418614020950846 0.006487179487179487
3 0.34090249798549555 0.33061538461538464 0.08170829975825947 0.006547008547008547
2 0.41862610797743754 0.33087179487179486 0.02378726833199033 0.00758974358974359
1 0.37292103142626915 0.33808547008547013 0.1524133763094279 0.023341880341880342
0 0.3668775181305399 0.3413703703703704 0.1394842868654311 0.013683760683760685
1 0.11843674456083803 0.34365242165242166 0.19643029814665594 0.038148148148148146
0 0.11273166800966962 0.34746723646723643 0.18030217566478646 0.0297977207977208
2 0.20232473811442386 0.3691196581196581 0.024641418211120064 0.007065527065527066
3 0.0820064464141821 0.36934757834757836 0.12046736502820306 0.006988603988603989
1 0.12021353746978243 0.38133903133903135 0.1969580983078163 0.031760683760683764
0 0.11476631748589848 0.38482336182336185 0.18437147461724415 0.023544159544159546
3 0.34132957292506044 0.387960113960114 0.1765672844480258 0.006760683760683761
2 0.4512892828364222 0.3880769230769231 0.024959709911361806 0.005940170940170941
1 0.3601248992747784 0.3881367521367521 0.2151692183722804 0.009435897435897435
1 0.36005640612409345 0.39689743589743587 0.2161321514907333 0.008213675213675213
2 0.45200241740531827 0.397002849002849 0.024141821112006447 0.006381766381766381
3 0.2832997582594682 0.3972991452991453 0.05975825946817083 0.006447293447293447
2 0.20162369057211926 0.40233618233618235 0.023984689766317485 0.00754985754985755
3 0.08032634971796938 0.4025014245014245 0.11710717163577761 0.0073561253561253565
3 0.28706285253827557 0.4057179487179487 0.06803384367445608 0.007458689458689459
1 0.3604593070104754 0.405954415954416 0.21583400483481066 0.00992877492877493
2 0.4522562449637389 0.405957264957265 0.024653505237711523 0.00688034188034188
1 0.11793311845286059 0.41436752136752136 0.19632957292506045 0.033373219373219375
0 0.11637792103142627 0.41789458689458686 0.19005237711522965 0.022219373219373218
2 0.20207493956486705 0.43650997150997156 0.024883158742949232 0.007321937321937322
3 0.06363013698630138 0.43696011396011397 0.08221998388396454 0.00821937321937322
1 0.1170467365028203 0.44546723646723646 0.19699435938759066 0.031301994301994304
0 0.11840048348106366 0.45016239316239315 0.19410153102336825 0.019715099715099715
3 0.09729653505237712 0.0964871794871795 0.15104754230459305 0.007276353276353276
2 0.2010918614020951 0.09652991452991452 0.024407735697018533 0.0063076923076923076
1 0.11724415793714746 0.10566096866096866 0.1953102336825141 0.02780911680911681
0 0.11469379532634973 0.10884900284900285 0.18668412570507656 0.016592592592592593
3 0.36510878323932316 0.11523076923076922 0.10550765511684126 0.007310541310541311
1 0.3764665592264303 0.1183105413105413 0.13189363416599517 0.01640740740740741
0 0.3664020950846092 0.12237606837606838 0.09713940370668815 0.005894586894586895
3 0.07277195809830782 0.1268062678062678 0.10199838839645448 0.012524216524216524
2 0.20317082997582595 0.12978062678062677 0.02409347300564061 0.005811965811965812
3 0.36544319097502015 0.1320826210826211 0.08752618855761483 0.007250712250712251
1 0.11734488315874295 0.13606837606837607 0.19550362610797745 0.030743589743589744
1 0.3708299758259468 0.13825925925925928 0.12614423851732473 0.021168091168091166
0 0.366406124093473 0.14151851851851852 0.11051168412570508 0.012185185185185186
0 0.11232473811442387 0.14235042735042736 0.1825624496373892 0.016555555555555556
3 0.36513698630136987 0.15354700854700856 0.0488638195004029 0.006393162393162393
3 0.05315068493150685 0.1561823361823362 0.06275987107171636 0.00639031339031339
2 0.20312651087832395 0.15660113960113958 0.023255439161966155 0.007752136752136753
1 0.36898066075745367 0.15967521367521367 0.1334891216760677 0.01949002849002849
1 0.11825543916196615 0.16220227920227923 0.19634971796937953 0.021324786324786325
0 0.36632554391619665 0.16325925925925924 0.124754230459307 0.012039886039886039
0 0.11249395648670427 0.1662934472934473 0.18043916196615634 0.011336182336182336
3 0.06073730862207897 0.17656125356125357 0.07792908944399678 0.006524216524216524
3 0.3594520547945205 0.17668091168091168 0.13895648670427074 0.006766381766381766
2 0.20365028203062047 0.17696866096866096 0.025052377115229653 0.006284900284900284
1 0.3729975825946817 0.18016809116809115 0.16912973408541498 0.01674074074074074
1 0.1183440773569702 0.18294586894586895 0.19763094278807414 0.01995156695156695
0 0.37046736502820304 0.1832962962962963 0.13508863819500402 0.0063076923076923076
0 0.11384770346494762 0.18656980056980058 0.1837630942788074 0.011837606837606837
3 0.06503626107977437 0.19676353276353276 0.08801772763900081 0.006840455840455841
2 0.20224415793714748 0.19723361823361824 0.025225624496373892 0.006196581196581196
1 0.11811039484286864 0.20361823361823364 0.1981829170024174 0.020786324786324785
0 0.1069218372280419 0.20725641025641026 0.17052780016116034 0.01105982905982906
2 0.20269943593875908 0.23398290598290597 0.025390813859790494 0.006361823361823361
3 0.09211522965350523 0.23434757834757833 0.14292103142626914 0.007618233618233617
1 0.1202699435938759 0.2406011396011396 0.20147864625302175 0.022817663817663817
0 0.11115229653505238 0.24466381766381765 0.18082997582594681 0.01354985754985755
3 0.34408541498791295 0.24964387464387464 0.08658340048348107 0.007618233618233617
2 0.4182514101531023 0.24972364672364672 0.02453263497179694 0.005139601139601139
1 0.3747179693795326 0.2528717948717949 0.19686543110394844 0.017683760683760683
3 0.07113215149073328 0.25513105413105414 0.099464141821112 0.0064529914529914524
2 0.20209911361804997 0.25593732193732194 0.023440773569701853 0.006487179487179487
0 0.36481869460112815 0.25706837606837607 0.1704552780016116 0.007014245014245015
2 0.43813456889605157 0.2657920227920228 0.022518130539887188 0.007732193732193733
3 0.3424858984689766 0.2661452991452991 0.12292103142626913 0.006327635327635328
1 0.11649476228847704 0.2675156695156695 0.19147864625302174 0.031116809116809117
0 0.11572119258662371 0.2705242165242165 0.18997582594681708 0.023478632478632477
1 0.37086220789685737 0.2723532763532764 0.1913658340048348 0.02072934472934473
0 0.36495970991136184 0.27583190883190883 0.17319903303787268 0.011891737891737893