2 0.26075342465753426 0.29351566951566954 0.01298952457695407 0.006122507122507122
3 0.18782030620467366 0.29366096866096864 0.08191377921031426 0.006891737891737892
2 0.12126107977437552 0.29740740740740745 0.013291700241740532 0.006623931623931624
3 0.04562449637389202 0.2975925925925926 0.07481063658340048 0.006601139601139601
1 0.20695406929895244 0.2995698005698006 0.12217969379532635 0.02044159544159544
1 0.06768331990330378 0.3069173789173789 0.12072925060435132 0.02638176638176638
2 0.2603424657534246 0.31710541310541307 0.012775987107171637 0.007031339031339031
3 0.17777598710717163 0.3173418803418803 0.06078162771958099 0.006811965811965812
1 0.20717566478646254 0.3234843304843305 0.1210757453666398 0.02010826210826211
2 0.12206688154713942 0.3272165242165242 0.010664786462530216 0.006695156695156695
3 0.04797743755036261 0.3274444444444444 0.07951248992747784 0.006259259259259259
1 0.06765914585012087 0.33650427350427353 0.1201651893634166 0.026444444444444444
2 0.26021756647864625 0.34097720797720793 0.013126510878323932 0.006367521367521368
3 0.1804593070104754 0.34103133903133903 0.0656204673650282 0.007116809116809117
2 0.40206285253827556 0.3456296296296297 0.007836422240128928 0.006678062678062678
1 0.3466156325543916 0.3459259259259259 0.1223368251410153 0.010259259259259258
3 0.30558017727639003 0.346045584045584 0.03753424657534246 0.007136752136752137
1 0.20708299758259469 0.3466609686609686 0.12191377921031425 0.020487179487179485
2 0.4021474617244158 0.355965811965812 0.008001611603545528 0.006353276353276353
3 0.307276390008058 0.35613960113960114 0.04145447219983884 0.006566951566951567
1 0.3470427074939565 0.35690883190883194 0.12164786462530218 0.008142450142450143
2 0.1208662369057212 0.3571139601139601 0.013718775181305399 0.00650997150997151
3 0.0521474617244158 0.35732193732193734 0.08785253827558422 0.006341880341880342
2 0.26061240934730057 0.3642905982905983 0.013315874294923447 0.006726495726495726
3 0.1742143432715552 0.3646581196581197 0.05365834004834811 0.0072991452991453
2 0.4025825946817083 0.3660911680911681 0.00766317485898469 0.006475783475783476
1 0.06784850926672038 0.3661680911680912 0.1210556003223207 0.02592877492877493
3 0.29914182111200643 0.3665840455840456 0.023614020950846092 0.006700854700854701
1 0.3469016921837228 0.36718233618233614 0.12084609186140209 0.007891737891737891
1 0.20673247381144239 0.3705242165242165 0.12225221595487511 0.02150997150997151
3 0.30166398066075745 0.3769031339031339 0.02917808219178082 0.005840455840455841
2 0.40308219178082194 0.37712535612535614 0.007449637389202256 0.007122507122507123
1 0.3469460112812248 0.3777264957264957 0.12197018533440775 0.008544159544159543
3 0.2956365834004835 0.38713675213675214 0.017127316680096694 0.006296296296296296
2 0.4026672038678485 0.38727920227920226 0.00783239323126511 0.006863247863247863
1 0.34705479452054794 0.38751851851851854 0.1206406124093473 0.008430199430199431
3 0.29484286865431103 0.39762108262108264 0.01605962933118453 0.007247863247863248
2 0.4017969379532635 0.39764102564102566 0.008513295729250603 0.005740740740740741
1 0.3463779210314263 0.3980797720797721 0.12134971796937953 0.009481481481481481
3 0.2953988718775181 0.40835327635327634 0.0182232070910556 0.007213675213675214
2 0.4028444802578566 0.40854700854700854 0.008186946011281225 0.006985754985754986
1 0.3472925060435133 0.4086267806267806 0.12163174858984689 0.00868091168091168
2 0.2621716357775987 0.4182735042735043 0.007945205479452055 0.005877492877492878
2 0.1282634971796938 0.4183988603988604 0.007308622078968574 0.006131054131054131
3 0.2989605157131346 0.41868091168091165 0.024294923448831586 0.006743589743589744
2 0.40174858984689765 0.41869800569800575 0.007046736502820306 0.007037037037037037
3 0.02938356164383562 0.4187920227920228 0.042328767123287675 0.006595441595441595
1 0.34761482675261884 0.4188062678062678 0.12227639000805803 0.008242165242165242
3 0.16404512489927478 0.4188205128205128 0.044327155519742145 0.006652421652421653
1 0.07080177276390008 0.4218917378917379 0.12490330378726833 0.014413105413105413
1 0.2037550362610798 0.42208262108262107 0.12609991941982274 0.01443019943019943
2 0.40195004029008863 0.4290655270655271 0.008215149073327961 0.00647008547008547
3 0.30211522965350524 0.42910826210826214 0.02903303787268332 0.007213675213675214
1 0.34699435938759066 0.42935897435897435 0.12206688154713942 0.008917378917378918
2 0.2590128928283642 0.4358091168091168 0.013751007252215956 0.005823361823361824
3 0.1582473811442385 0.436045584045584 0.03273569701853344 0.007005698005698006
2 0.12868251410153103 0.43604843304843305 0.0075382755842062854 0.006299145299145299
3 0.025805801772763898 0.4362051282051282 0.03569298952457695 0.0069544159544159545
1 0.07042707493956488 0.4385840455840456 0.12621273166800967 0.013498575498575499
1 0.20406124093473008 0.4390740740740741 0.1261966156325544 0.01448148148148148
3 0.3033883964544722 0.43940170940170936 0.033674456083803386 0.006675213675213675
2 0.40191377921031424 0.43955555555555553 0.008746978243352136 0.006031339031339032
1 0.3469822723609992 0.4396239316239316 0.12152699435938759 0.008646723646723647
2 0.4020265914585012 0.44996296296296295 0.008372280419016923 0.006279202279202279
1 0.3467767929089444 0.45064102564102565 0.12111200644641419 0.009153846153846155
2 0.25958501208702656 0.4531652421652421 0.011865431103948429 0.006259259259259259
2 0.12526188557614826 0.4532279202279202 0.013420628525382757 0.006814814814814815
3 0.1741941982272361 0.4535156695156695 0.06567687348912167 0.007102564102564103
3 0.03370668815471394 0.45363532763532766 0.049923448831587426 0.006971509971509971
1 0.20379532634971798 0.45609401709401715 0.1256607574536664 0.014222222222222223
1 0.07067284448025786 0.45675498575498574 0.12567687348912168 0.01554131054131054
2 0.40234085414987913 0.46027635327635325 0.007784045124899275 0.005917378917378918
1 0.3473972602739726 0.4608888888888889 0.12236099919419823 0.00811965811965812
2 0.25937550362610795 0.4704928774928775 0.013863819500402899 0.007071225071225071
2 0.12536261079774375 0.47054700854700854 0.012409347300564061 0.006327635327635328
3 0.17265511684125703 0.4708319088319088 0.059971796937953264 0.0068945868945868944
3 0.02105962933118453 0.47112250712250714 0.02462933118452861 0.007105413105413106
1 0.2042747784045125 0.47374074074074074 0.12558823529411764 0.01521937321937322
1 0.07067687348912167 0.4771082621082621 0.1246494762288477 0.019034188034188035
2 0.26179290894439966 0.4878518518518518 0.009008863819500402 0.007091168091168091
3 0.16908138597904918 0.4880997150997151 0.052828364222401294 0.006216524216524216
1 0.20488718775181305 0.4913304843304843 0.1262973408541499 0.01391168091168091
3 0.05186140209508461 0.49419373219373214 0.0878082191780822 0.006549857549857549
2 0.1279895245769541 0.4942678062678063 0.007965350523771153 0.005786324786324786
1 0.07067284448025786 0.4948290598290598 0.12567687348912168 0.008866096866096866
2 0.26060838033843675 0.08339601139601141 0.012091055600322321 0.006997150997150997
2 0.12160757453666397 0.0835185185185185 0.012167606768734891 0.006814814814814815
3 0.17524576954069299 0.08364387464387464 0.056244963738920226 0.007541310541310541
3 0.0467969379532635 0.08380626780626782 0.07767526188557615 0.007122507122507123
1 0.06834004834810636 0.08994301994301994 0.12152296535052377 0.020435897435897438
1 0.20685334407735695 0.09277777777777776 0.12094278807413376 0.026831908831908835
2 0.12105962933118454 0.10698005698005698 0.0128928283642224 0.006615384615384615
3 0.038456889605157134 0.10705128205128205 0.06099516518936341 0.006170940170940171
2 0.26064061240934727 0.1131994301994302 0.012763900080580178 0.006629629629629629
3 0.17702659145850122 0.11381481481481481 0.0603303787268332 0.007467236467236468
1 0.0685334407735697 0.11621367521367522 0.12036261079774375 0.025176638176638177
1 0.20732473811442387 0.11962678062678063 0.12240128928283643 0.020327635327635325
2 0.12095890410958905 0.13714529914529913 0.012691377921031427 0.0061111111111111106
2 0.2613900080580177 0.13716809116809117 0.012441579371474616 0.006586894586894587
3 0.17146655922643028 0.13729344729344728 0.048686543110394845 0.007350427350427351
3 0.03814665592264303 0.1373789173789174 0.06089846897663175 0.00641025641025641
1 0.2073690572119259 0.14345299145299145 0.12197421434327156 0.02164102564102564
1 0.06794923448831587 0.14645014245014243 0.12022562449637389 0.02581196581196581
2 0.2599435938759065 0.1603076923076923 0.01257856567284448 0.006170940170940171
3 0.18719580983078163 0.1606923076923077 0.07961724415793715 0.007076923076923077
1 0.20752215954875103 0.1666039886039886 0.12125302175664786 0.020509971509971508
2 0.12116438356164384 0.1669002849002849 0.013098307816277195 0.006928774928774929
3 0.04544319097502015 0.16705413105413106 0.07496776792908943 0.006829059829059829
1 0.06789685737308622 0.17304273504273504 0.12116035455278003 0.019886039886039885
2 0.26144238517324736 0.18376353276353277 0.011333601933924254 0.006811965811965812
3 0.17133360193392425 0.18404843304843305 0.047369057211925865 0.006347578347578348
1 0.20702659145850122 0.19045014245014247 0.12128928283642225 0.021857549857549858
3 0.02025785656728445 0.19045584045584046 0.02354552780016116 0.006190883190883191
2 0.12143029814665592 0.1905925925925926 0.01363416599516519 0.006763532763532763
1 0.06790088638195003 0.19706267806267808 0.11961321514907333 0.019763532763532765
2 0.39960112812248183 0.20544729344729346 0.013207091055600324 0.0064843304843304845
3 0.3023368251410153 0.2056068376068376 0.030527800161160353 0.005726495726495727
2 0.26032634971796936 0.20775498575498577 0.013348106365834006 0.00639031339031339
3 0.18049959709911362 0.20812250712250713 0.06674858984689766 0.007794871794871794
1 0.3468654311039484 0.20884615384615382 0.12129331184528606 0.014136752136752136
2 0.12069701853344077 0.21403133903133903 0.013376309427880742 0.006515669515669516
3 0.034456083803384364 0.2142165242165242 0.05142224012892828 0.006264957264957264
1 0.2070225624496374 0.21685754985754985 0.1217969379532635 0.02723931623931624
2 0.3995729250604351 0.22359829059829062 0.013759065269943593 0.007227920227920228
1 0.06833601933924255 0.2237037037037037 0.12048751007252216 0.02597150997150997
3 0.30023771152296536 0.22402564102564104 0.02632554391619662 0.0073561253561253565
1 0.3471555197421434 0.23007122507122507 0.121361804995971 0.020829059829059828
3 0.18798146655922643 0.2420968660968661 0.08066881547139404 0.014957264957264958
2 0.1215672844480258 0.24400000000000002 0.012695406929895247 0.006905982905982906
3 0.03886784850926672 0.2442934472934473 0.06182111200644641 0.007116809116809117
2 0.26052780016116034 0.24674928774928775 0.013146655922643032 0.007264957264957265
1 0.20705479452054792 0.2480968660968661 0.1213416599516519 0.02878062678062678
2 0.3995326349717969 0.24815099715099714 0.013070104754230458 0.006213675213675213
3 0.3142264302981466 0.24852991452991455 0.053783239323126515 0.006324786324786324
1 0.06817888799355358 0.24986324786324784 0.12068896051571314 0.019549857549857552
1 0.34706285253827557 0.25154415954415954 0.11962127316680096 0.013789173789173789
3 0.32422240128928287 0.2657606837606838 0.07482272360999194 0.007056980056980057
2 0.39726430298146653 0.265980056980057 0.01944399677679291 0.00631054131054131
2 0.12230056406124094 0.2674957264957265 0.011132151490733279 0.005917378917378918
3 0.026458501208702658 0.26772364672364674 0.0359508460918614 0.006905982905982906
2 0.2612570507655117 0.26973504273504273 0.01217566478646253 0.006968660968660969
3 0.17778001611603544 0.2702051282051282 0.06026591458501209 0.007792022792022793
1 0.3478767123287671 0.2755954415954416 0.12331184528605962 0.027227920227920227
1 0.207566478646253 0.2761823361823362 0.12133763094278809 0.020370370370370372
1 0.06829572925060434 0.27705413105413107 0.11937147461724415 0.02686039886039886