3 0.5931506849315069 0.30034188034188036 0.08881144238517324 0.009917378917378919
2 0.8841337630942788 0.3004672364672365 0.03748186946011281 0.010170940170940172
1 0.7273166800966963 0.30114529914529914 0.3617163577759871 0.015877492877492877
2 0.8839605157131345 0.3195213675213675 0.039963738920225624 0.011296296296296296
3 0.6330257856567285 0.32051851851851854 0.1699798549556809 0.011287749287749288
1 0.7253102336825141 0.3272307692307692 0.3595447219983884 0.025145299145299147
0 0.6104351329572925 0.33327635327635324 0.12620870265914585 0.012814814814814814
3 0.6346615632554392 0.3601481481481481 0.17324738114423852 0.025575498575498574
2 0.8839323126510878 0.36617094017094015 0.039903303787268335 0.01162962962962963
1 0.7264222401289283 0.36630769230769233 0.3636099919419823 0.04088319088319088
0 0.6729331184528606 0.37990028490028493 0.24979854955680902 0.0120997150997151
3 0.6162530217566479 0.39943874643874644 0.13502417405318293 0.010190883190883192
1 0.7243593875906527 0.40775498575498575 0.35763900080580174 0.03015954415954416
3 0.20472602739726029 0.4116039886039886 0.21668412570507653 0.01052991452991453
0 0.683771152296535 0.4123874643874644 0.27429895245769537 0.013099715099715099
2 0.4319701853344078 0.41281196581196583 0.04493553585817889 0.012945868945868945
1 0.27688557614826753 0.4309344729344729 0.369218372280419 0.055712250712250715
3 0.6627477840451249 0.43158404558404556 0.2265954875100725 0.009512820512820513
2 0.8792868654311039 0.4316011396011396 0.04051168412570508 0.010541310541310541
1 0.7240128928283642 0.4321595441595442 0.3551087832393231 0.013954415954415954
0 0.27431103948428687 0.43825641025641027 0.3558460918614021 0.03684615384615385
3 0.6288960515713135 0.44473219373219375 0.1617163577759871 0.011814814814814814
2 0.8793714746172441 0.44513390313390316 0.040676873489121676 0.009618233618233617
1 0.7242949234488316 0.44547293447293446 0.3577719580983078 0.012726495726495727
2 0.8809790491539082 0.4683760683760684 0.03823932312651088 0.009125356125356126
1 0.7241377921031426 0.46887749287749286 0.3553585817888799 0.014578347578347578
3 0.619532634971797 0.46913675213675216 0.1415834004834811 0.011646723646723648
3 0.20184931506849316 0.47114245014245015 0.2109307010475423 0.010655270655270655
2 0.42840451248992745 0.4711509971509972 0.04204673650282031 0.010672364672364673
2 0.8803424657534248 0.49070085470085467 0.038380338436744564 0.010789173789173788
3 0.6966398066075745 0.49157264957264957 0.2972078968573731 0.010535612535612535
1 0.7248589846897663 0.49192592592592593 0.3568009669621273 0.016467236467236468
1 0.2715551974214343 0.49786039886039885 0.3567203867848509 0.06604273504273504
0 0.2556688154713941 0.5054131054131055 0.31998388396454475 0.05420797720797721
3 0.6756204673650282 0.5344472934472935 0.2537550362610798 0.022316239316239314
1 0.7231829170024174 0.535011396011396 0.355290088638195 0.027225071225071226
2 0.8459105560032233 0.5402279202279202 0.038783239323126516 0.011883190883190883
2 0.4282917002417405 0.557934472934473 0.037578565672844476 0.010307692307692308
3 0.15602739726027398 0.558068376068376 0.12069701853344077 0.01157834757834758
1 0.7226067687348912 0.5659088319088319 0.35781627719580983 0.027905982905982906
3 0.6804552780016117 0.5670911680911681 0.2634286865431104 0.025623931623931624
2 0.8460676873489121 0.5734387464387465 0.03626913779210314 0.011330484330484331
1 0.27024979854955683 0.5778461538461539 0.35778807413376307 0.05438461538461538
0 0.26944802578565674 0.5836182336182336 0.3475423045930701 0.03568660968660969
3 0.6310556003223207 0.5963304843304843 0.16603545527800162 0.01113105413105413
2 0.88383964544722 0.5971452991452991 0.04255036261079774 0.010766381766381766
1 0.7290531829170024 0.603954415954416 0.36335213537469785 0.032484330484330484
0 0.6993714746172441 0.6102564102564103 0.30408138597904916 0.012994301994301995
2 0.43154311039484283 0.804962962962963 0.042671232876712324 0.010566951566951567
3 0.1597502014504432 0.8053247863247863 0.12390410958904108 0.013290598290598291
1 0.274218372280419 0.8179287749287749 0.3602095084609186 0.043054131054131056
0 0.24886784850926674 0.8247806267806268 0.30637792103142625 0.024207977207977207
2 0.43290088638195007 0.8507891737891737 0.04114423851732474 0.010253561253561255
3 0.22247784045124902 0.8516524216524217 0.2507735697018533 0.01098005698005698
1 0.2730217566478646 0.865925925925926 0.357812248186946 0.04152991452991453
0 0.2644399677679291 0.8714558404558405 0.3361079774375504 0.026595441595441593
2 0.42786059629331186 0.19400854700854703 0.03954875100725221 0.012168091168091168
3 0.22565269943593877 0.19435612535612537 0.25994762288477036 0.01086039886039886
2 0.8844037066881548 0.19616239316239314 0.03802175664786463 0.010475783475783478
3 0.6046091861402095 0.19633333333333333 0.11031426269137792 0.009823361823361822
1 0.7271112006446414 0.20826495726495725 0.35947219983883966 0.03945584045584046
1 0.27825946817082997 0.21441310541310543 0.3693231265108783 0.05398005698005698
0 0.7034770346494762 0.21506837606837606 0.30946817082997585 0.0242991452991453
0 0.26678887993553585 0.22045584045584043 0.34222401289282833 0.037071225071225074
2 0.881337630942788 0.24063817663817663 0.04178082191780822 0.010461538461538461
3 0.630556003223207 0.24194586894586895 0.16362610797743754 0.012079772079772079
1 0.7259266720386784 0.24896866096866097 0.35709911361804997 0.027247863247863248
0 0.7008460918614021 0.25490598290598293 0.3070346494762288 0.013011396011396012
1 0.7257977437550363 0.2806495726495727 0.35684528605962934 0.015193732193732193
2 0.883908138597905 0.28090313390313393 0.041269137792103144 0.011025641025641027
3 0.6382433521353746 0.2817977207977208 0.1775866236905721 0.011814814814814814