3 0.06621676067687349 0.0626980056980057 0.1027477840451249 0.005421652421652422
2 0.20783239323126512 0.06311965811965813 0.00669218372280419 0.005735042735042735
1 0.1124979854955681 0.0648091168091168 0.1953102336825141 0.011242165242165243
0 0.09919822723609992 0.06698005698005698 0.16720789685737308 0.004393162393162393
3 0.07192989524576954 0.07628205128205129 0.11493150684931507 0.0053960113960113965
2 0.207566478646253 0.0763048433048433 0.004653505237711523 0.004378917378917379
1 0.11287671232876713 0.07814814814814815 0.1968170829975826 0.00966096866096866
0 0.07302175664786463 0.08062962962962962 0.11560838033843675 0.004495726495726496
3 0.06438759065269943 0.0902934472934473 0.09908541498791297 0.005159544159544159
2 0.20727236099919422 0.0903960113960114 0.005572119258662369 0.004299145299145299
1 0.11343674456083803 0.09226210826210826 0.19719178082191782 0.011227920227920227
0 0.10414585012087027 0.09413960113960114 0.17860999194198227 0.003786324786324786
3 0.058473005640612405 0.10362393162393163 0.08575342465753424 0.005159544159544159
2 0.20737711522965352 0.10449287749287749 0.005781627719580983 0.004763532763532763
1 0.11321514907332796 0.1058062678062678 0.19674456083803385 0.009527065527065526
0 0.10129331184528606 0.10783190883190884 0.17214343271555196 0.0050427350427350425
3 0.048920225624496376 0.11756980056980057 0.06815874294923448 0.0053276353276353276
2 0.20738920225624496 0.11760683760683761 0.005052377115229653 0.004333333333333334
1 0.11222401289282838 0.1196068376068376 0.19626913779210314 0.010997150997150998
0 0.07951651893634167 0.12184045584045584 0.12934730056406124 0.004270655270655271
2 0.20576551168412568 0.142005698005698 0.007082997582594681 0.004606837606837607
3 0.047034649476228846 0.14227350427350427 0.06740128928283642 0.005142450142450143
1 0.11136180499597098 0.14441595441595442 0.19982272360999193 0.011564102564102565
0 0.10618855761482675 0.14637037037037037 0.18495568090249798 0.004276353276353276
2 0.2064867042707494 0.15586324786324787 0.00927880741337631 0.0046011396011396005
3 0.05248589846897664 0.1558945868945869 0.07755036261079774 0.005196581196581196
1 0.11209508460918616 0.15787464387464387 0.19978243352135375 0.010222222222222223
0 0.10543513295729251 0.1596809116809117 0.18495568090249798 0.004236467236467236
2 0.20640612409347298 0.16925071225071225 0.007610797743755037 0.005247863247863248
3 0.04721998388396455 0.16933333333333334 0.06852941176470588 0.004344729344729344
1 0.11175261885576149 0.17213105413105412 0.19985092667203866 0.01154131054131054
0 0.10542304593070105 0.17406552706552708 0.18191377921031426 0.004210826210826211
3 0.05405721192586623 0.18313960113960115 0.07993553585817889 0.005296296296296296
2 0.2060556003223207 0.18314245014245015 0.00766317485898469 0.0042393162393162395
1 0.11159548751007253 0.1852820512820513 0.19652296535052377 0.010116809116809115
0 0.0976027397260274 0.1874843304843305 0.16703062046736503 0.003857549857549857
3 0.06446817082997582 0.19674358974358977 0.10076148267526189 0.005846153846153846
2 0.20575745366639805 0.197011396011396 0.0070145044319097506 0.004783475783475783
1 0.11143029814665592 0.19923931623931626 0.19618855761482676 0.011367521367521368
0 0.10226027397260275 0.200982905982906 0.1763416599516519 0.004193732193732194