3 0.018372280419016923 0.030658119658119657 0.023573730862207896 0.0029829059829059833
2 0.12158742949234487 0.03112820512820513 0.019174053182917004 0.00392022792022792
1 0.06927477840451249 0.03296581196581196 0.12572925060435133 0.008094017094017095
0 0.0432232070910556 0.03502849002849003 0.07350523771152297 0.003646723646723647
3 0.02644238517324738 0.038746438746438745 0.04060838033843675 0.002954415954415954
1 0.06917002417405319 0.03882905982905983 0.1262207896857373 0.004612535612535613
2 0.12163174858984689 0.03921652421652422 0.019262691377921033 0.003646723646723647
3 0.020265914585012087 0.04293447293447293 0.027727639000805798 0.0033589743589743587
1 0.06907332796132151 0.04297720797720798 0.12602739726027398 0.003524216524216524
2 0.12158340048348105 0.04331623931623931 0.019165995165189364 0.002621082621082621
3 0.029871071716357778 0.04699145299145299 0.04685737308622079 0.003740740740740741
2 0.1215672844480258 0.047282051282051284 0.018432715551974215 0.003068376068376068
1 0.06925060435132957 0.047455840455840455 0.1260314262691378 0.0037720797720797723
3 0.016583400483481062 0.050951566951566954 0.02055197421434327 0.003301994301994302
1 0.06903303787268332 0.05130769230769231 0.12524174053182918 0.004638176638176638
2 0.12177276390008059 0.0513988603988604 0.019190169218372282 0.002829059829059829
3 0.01234488315874295 0.05481196581196581 0.011752618855761484 0.0033105413105413103
1 0.06878726833199032 0.05511111111111111 0.12597904915390815 0.005065527065527066
2 0.12157534246575342 0.05572364672364673 0.018799355358581786 0.0035014245014245013
3 0.025310233682514102 0.05905413105413106 0.038702659145850124 0.0038005698005698007
2 0.12177276390008059 0.059868945868945866 0.018839645447219982 0.0030655270655270653
1 0.06825141015310233 0.06205982905982906 0.12653505237711524 0.008774928774928775
0 0.032691377921031425 0.06363247863247863 0.052759871071716355 0.003968660968660969
3 0.015145044319097503 0.08835042735042735 0.017111200644641417 0.003438746438746439
2 0.12153505237711522 0.08884900284900285 0.019073327961321516 0.003438746438746439
1 0.0692989524576954 0.08890313390313391 0.12506849315068494 0.005045584045584046
3 0.023742949234488317 0.09362962962962963 0.03290491539081386 0.0040227920227920225
2 0.12134568896051572 0.09376353276353276 0.019399677679290895 0.0032962962962962963
1 0.06907332796132151 0.09377777777777778 0.1260354552780016 0.005071225071225071
3 0.020213537469782435 0.09835042735042734 0.027606768734891214 0.003743589743589744
1 0.06926672038678484 0.09852421652421653 0.12605962933118453 0.005091168091168091
2 0.12115229653505237 0.09859829059829059 0.0193593875906527 0.003492877492877493
3 0.019242546333601934 0.10313390313390314 0.024955680902497984 0.0038404558404558408
2 0.12131748589846898 0.10341880341880341 0.019339242546333603 0.0034102564102564104
1 0.06973005640612409 0.10356125356125356 0.12593875906526994 0.0054444444444444445
3 0.017320709105560033 0.10799430199430199 0.021466559226430298 0.003837606837606838
1 0.06949637389202257 0.10816809116809117 0.12652296535052376 0.0056809116809116815
2 0.1212167606768735 0.1083988603988604 0.019492344883158742 0.0033988603988603988
3 0.020592264302981465 0.1131025641025641 0.028360193392425462 0.0038290598290598287
2 0.12172844480257856 0.11312250712250713 0.019105560032232072 0.0031225071225071226
1 0.06955680902497985 0.11382336182336182 0.12734488315874296 0.0049743589743589745
1 0.06903706688154713 0.11768945868945868 0.12560435132957293 0.004780626780626781
3 0.018879935535858178 0.11787749287749288 0.024943593875906524 0.0039059829059829064
2 0.12149476228847704 0.117994301994302 0.018984689766317484 0.002894586894586895
3 0.020414987912973408 0.12272079772079772 0.02695004029008864 0.003623931623931624
2 0.12147461724415794 0.12277777777777778 0.01895245769540693 0.002988603988603989
1 0.069464141821112 0.12280911680911681 0.12574939564867044 0.005293447293447293
3 0.021337630942788073 0.15577207977207977 0.02985092667203868 0.003908831908831909
1 0.06949234488315874 0.15605982905982904 0.12651490733279613 0.004985754985754986
2 0.121406124093473 0.15608831908831908 0.019165995165189364 0.003794871794871795
3 0.03450846091861402 0.16092307692307692 0.0576027397260274 0.0042393162393162395
1 0.06919822723609992 0.161008547008547 0.1269822723609992 0.005159544159544159
2 0.12205882352941176 0.161008547008547 0.019061240934730057 0.003914529914529914
2 0.12190975020145044 0.16570370370370371 0.01911764705882353 0.003333333333333333
3 0.028738920225624496 0.16579772079772082 0.04571313456889605 0.0035185185185185185
1 0.06875100725221595 0.16604843304843306 0.1275020145044319 0.004535612535612536
1 0.06898066075745367 0.17044444444444445 0.12655116841257052 0.005088319088319088
3 0.02727639000805802 0.17076923076923076 0.04244157937147462 0.003740740740740741
2 0.12194198227236101 0.17082621082621083 0.01918211120064464 0.003353276353276353
2 0.12212328767123289 0.1757663817663818 0.0191941982272361 0.00350997150997151
3 0.023505237711522967 0.1758205128205128 0.03454069298952458 0.003623931623931624
1 0.06889202256244964 0.17607407407407408 0.12707896857373088 0.006125356125356125
2 0.12224012892828363 0.18082336182336184 0.019419822723609995 0.0031595441595441594
3 0.020278001611603546 0.18091452991452991 0.028436744560838032 0.004088319088319088
1 0.06869460112812248 0.18147008547008547 0.12703867848509268 0.005512820512820513
1 0.06886381950040289 0.18597720797720796 0.1270225624496374 0.00449002849002849
3 0.022723609991941982 0.18611396011396011 0.03262288477034649 0.0037692307692307695
2 0.12222401289282837 0.18613105413105416 0.01903303787268332 0.003547008547008547
3 0.02783642224012893 0.19077492877492877 0.04249798549556809 0.0036125356125356126
1 0.06901692183722805 0.19077777777777777 0.12767929089443997 0.005116809116809117
2 0.12245366639806608 0.190982905982906 0.019145850120870268 0.003279202279202279
3 0.02548348106365834 0.19594871794871793 0.03850120870265915 0.003743589743589744
2 0.12242143432715553 0.196008547008547 0.019081385979049154 0.0036125356125356126
1 0.06933521353746978 0.19619658119658118 0.12761482675261887 0.0049829059829059824
3 0.01531426269137792 0.022547008547008546 0.017800161160354554 0.003267806267806268
2 0.12210314262691378 0.022883190883190883 0.019149879129734086 0.0038860398860398864
1 0.06858984689766318 0.024313390313390314 0.1266720386784851 0.00833048433048433
0 0.032675261885576144 0.02678917378917379 0.05304995970991136 0.003945868945868946