1 0.08512087026591458 0.030498575498575497 0.15291297340854149 0.012615384615384615
0 0.06951248992747784 0.032566951566951566 0.12210314262691378 0.007692307692307693
2 0.1517324738114424 0.03964102564102564 0.017727639000805803 0.003723646723646724
3 0.026684125705076552 0.03987749287749288 0.03589443996776793 0.004116809116809117
1 0.08481063658340049 0.044131054131054136 0.15376712328767123 0.013680911680911682
0 0.0632433521353747 0.04605128205128205 0.10999999999999999 0.008222222222222223
2 0.15153505237711523 0.053316239316239314 0.0190290088638195 0.003971509971509971
3 0.036571313456889604 0.05356125356125356 0.05597904915390814 0.003641025641025641
1 0.0853102336825141 0.05787179487179487 0.1564262691377921 0.013418803418803419
0 0.05674858984689766 0.06007977207977208 0.09786865431103949 0.008621082621082621
2 0.15341659951651893 0.06688034188034188 0.01499194198227236 0.003757834757834758
3 0.025378726833199035 0.0673988603988604 0.032663174858984685 0.004133903133903134
1 0.08494359387590653 0.06941595441595441 0.15471796937953264 0.009766381766381766
0 0.04668412570507655 0.07192877492877493 0.07687751813053989 0.004056980056980057
2 0.15315471394037067 0.0764131054131054 0.014802578565672846 0.0036324786324786326
1 0.08499597099113618 0.07683190883190884 0.15278404512489926 0.004868945868945869
3 0.0254955680902498 0.07693732193732195 0.03319903303787269 0.0034757834757834756
1 0.08516921837228042 0.08182336182336182 0.1542304593070105 0.006407407407407407
2 0.15346091861402095 0.0818945868945869 0.014738114423851732 0.0038005698005698007
3 0.025257856567284447 0.08215384615384616 0.03397260273972603 0.0038233618233618235
2 0.15327155519742144 0.08708547008547009 0.0143593875906527 0.0038689458689458688
1 0.08448831587429492 0.08711396011396011 0.15348106365834005 0.006188034188034187
3 0.0402054794520548 0.08754415954415953 0.06324738114423852 0.0036438746438746438
2 0.15176067687348913 0.09251282051282052 0.017449637389202258 0.003931623931623932
3 0.03940773569701853 0.09312250712250712 0.060717163577759865 0.004279202279202279
1 0.08483883964544722 0.09696866096866097 0.15234488315874295 0.013803418803418805
0 0.058195004029008866 0.09906837606837607 0.09947219983883963 0.008193732193732194
2 0.153348106365834 0.10624501424501424 0.013835616438356166 0.003814814814814815
3 0.026369863013698633 0.10683190883190884 0.035886381950040284 0.004071225071225071
1 0.10204673650282031 0.10873504273504274 0.18798952457695406 0.008823361823361823
0 0.10098307816277195 0.11086609686609686 0.185044319097502 0.004133903133903134
1 0.0848549556809025 0.11551851851851852 0.15298952457695408 0.005544159544159545
2 0.153593875906527 0.11578062678062678 0.01466559226430298 0.003931623931623932
3 0.05087026591458502 0.11607977207977208 0.08395648670427075 0.003931623931623932
2 0.15319097502014506 0.12083760683760683 0.014544721998388396 0.004455840455840456
3 0.047397260273972605 0.12131623931623932 0.07700644641418211 0.0040997150997151
1 0.08456486704270749 0.12135327635327635 0.15302578565672845 0.0055527065527065525
2 0.151696212731668 0.12642165242165243 0.01765914585012087 0.004108262108262108
3 0.018686543110394842 0.12654415954415954 0.01958501208702659 0.0035954415954415953
3 0.07876309427880741 0.13282336182336182 0.14060838033843676 0.008236467236467237
1 0.08442385173247381 0.13282905982905985 0.15273972602739727 0.016843304843304843
3 0.019798549556809025 0.016418803418803418 0.022433521353746978 0.0036780626780626782
2 0.15152699435938757 0.01645868945868946 0.018001611603545527 0.003658119658119658
1 0.0844399677679291 0.018512820512820514 0.15338436744560838 0.008515669515669516
0 0.07721998388396455 0.021273504273504273 0.13795326349717968 0.0039544159544159544
2 0.15147461724415792 0.02578062678062678 0.01823126510878324 0.0038262108262108263
3 0.02371474617244158 0.026247863247863247 0.030882352941176472 0.003603988603988604