1 0.7008098307816277 0.3047150997150997 0.3913416599516519 0.056111111111111105
3 0.25966156325543915 0.311039886039886 0.18155519742143433 0.009658119658119657
2 0.3942103142626914 0.31207122507122503 0.034794520547945205 0.011720797720797722
0 0.6987348912167607 0.31255840455840456 0.38305398871877516 0.04072934472934473
1 0.29198630136986303 0.3326894586894587 0.36925060435132956 0.05478632478632479
0 0.2913698630136986 0.3391595441595442 0.36391216760676875 0.04035042735042735
3 0.6677800161160354 0.3541794871794872 0.21188960515713134 0.011831908831908832
2 0.818436744560838 0.3544814814814815 0.034790491539081383 0.011811965811965813
1 0.6944439967767929 0.3755498575498576 0.3498710717163578 0.061065527065527064
0 0.700334407735697 0.38303133903133907 0.3369137792103143 0.04212250712250712
2 0.826587429492345 0.42486039886039884 0.03259065269943594 0.013011396011396012
3 0.6669016921837227 0.42561253561253565 0.23039484286865433 0.012649572649572649
1 0.6989887187751813 0.4475071225071225 0.36418614020950846 0.05903133903133903
0 0.6970829975825947 0.4541652421652421 0.36124496373892023 0.04047293447293447
3 0.25899274778404513 0.47484615384615386 0.26832796132151493 0.01143019943019943
2 0.43991941982272365 0.47535327635327634 0.033702659145850127 0.011202279202279203
1 0.2918291700241741 0.4972136752136752 0.3872280419016922 0.059603988603988606
0 0.2902699435938759 0.5047321937321937 0.3837389202256245 0.03943019943019943
2 0.7725543916196616 0.539136752136752 0.023207091055600322 0.012296296296296295
3 0.6468372280419017 0.5394700854700855 0.1726470588235294 0.012962962962962963
2 0.4202215954875101 0.5464501424501425 0.03659548751007252 0.011350427350427352
3 0.26108380338436743 0.5467464387464387 0.23461724415793717 0.011316239316239316
1 0.6949677679290894 0.5548461538461539 0.331116035455278 0.044618233618233624
0 0.6969661563255438 0.5607464387464387 0.3248871877518131 0.028105413105413108
1 0.2913859790491539 0.5616923076923077 0.3576067687348912 0.04260683760683761
0 0.29061240934730054 0.5686780626780626 0.35447219983883965 0.027766381766381763
2 0.7628162771958098 0.5964529914529915 0.025757453666398065 0.010424501424501426
3 0.6543190975020144 0.5965270655270655 0.14003626107977438 0.009951566951566952
2 0.3963134568896052 0.6036467236467237 0.041643835616438356 0.011732193732193733
3 0.2570628525382756 0.603905982905983 0.18066881547139405 0.010376068376068377
1 0.6993996776792909 0.6105071225071226 0.37938356164383563 0.04047293447293447
0 0.6995406929895246 0.6176495726495725 0.3758501208702659 0.025404558404558405
1 0.2929975825946817 0.6185413105413106 0.2550120870265915 0.04268660968660969
0 0.2960878323932313 0.6253504273504273 0.2403102336825141 0.026515669515669513
3 0.6968130539887187 0.656868945868946 0.2655560032232071 0.029085470085470088
2 0.4087348912167607 0.6606324786324786 0.033892022562449636 0.012313390313390312
3 0.25954069298952454 0.6613276353276354 0.20774375503626108 0.01120797720797721
2 0.8087590652699436 0.663068376068376 0.03217969379532635 0.013450142450142451
1 0.29152296535052374 0.6744273504273504 0.2703505237711523 0.03991737891737892
0 0.29232070910556 0.6825413105413105 0.260088638195004 0.024923076923076923
1 0.6990975020145045 0.7002079772079772 0.27818291700241743 0.11884045584045584
2 0.4224617244157937 0.7175156695156695 0.036676067687348914 0.011447293447293448
3 0.25976228847703464 0.7177549857549858 0.2337429492344883 0.011923076923076923
0 0.6991337630942788 0.7292991452991453 0.20411361804995973 0.05370085470085471
1 0.29411764705882354 0.7312165242165243 0.3447784045124899 0.04172364672364672
0 0.29069298952457695 0.7385441595441595 0.3334850926672039 0.024843304843304843
2 0.4360556003223207 0.7723532763532763 0.02949637389202256 0.010846153846153846
3 0.2632514101531023 0.773071225071225 0.2627437550362611 0.011037037037037038
1 0.2922522159548751 0.7887008547008547 0.32406929895245773 0.04491737891737892
0 0.29034246575342465 0.7947606837606838 0.27903706688154717 0.025133903133903134
2 0.8090531829170023 0.12573789173789174 0.03276390008058017 0.013484330484330485
3 0.6674818694601128 0.1261196581196581 0.19190975020145043 0.011752136752136752
3 0.26270346494762287 0.14016809116809117 0.21054391619661567 0.012438746438746437
2 0.41034649476228846 0.1406210826210826 0.03403303787268332 0.01217948717948718
1 0.7056809024979855 0.15273219373219374 0.3579734085414988 0.07637891737891737
0 0.6981506849315068 0.16118518518518518 0.33431103948428686 0.05634188034188034
1 0.29096696212731665 0.16173504273504274 0.33717163577759873 0.05650712250712251
0 0.29041901692183725 0.16856695156695156 0.33294117647058824 0.039957264957264954
2 0.868706688154714 0.2111111111111111 0.03312651087832393 0.011031339031339031
2 0.37683319903303786 0.21123931623931624 0.02709105560032232 0.011800569800569802
3 0.264955680902498 0.2112934472934473 0.1401651893634166 0.011401709401709403
3 0.6665471394037067 0.21225925925925926 0.3116277195809831 0.01146153846153846
1 0.2911724415793715 0.2266068376068376 0.3258219178082192 0.045843304843304844
1 0.699532634971797 0.23294586894586894 0.3874818694601128 0.05667236467236467
0 0.2902215954875101 0.2341082621082621 0.32196615632554393 0.02774358974358974
0 0.6974254633360193 0.24067236467236466 0.37602739726027395 0.04087464387464387
3 0.26043110394842867 0.26884615384615385 0.11613215149073328 0.01
2 0.3617123287671233 0.26894301994301995 0.03676470588235294 0.012065527065527066
1 0.29103948428686544 0.276011396011396 0.3765028203062047 0.02641310541310541
2 0.8549677679290896 0.2832735042735043 0.0364867042707494 0.013313390313390313
0 0.29027800161160355 0.2833646723646724 0.3723005640612409 0.010376068376068377
3 0.66674053182917 0.2834957264957265 0.2847058823529412 0.011886039886039887