3 0.3200322320709106 0.284991452991453 0.0932433521353747 0.00631054131054131
3 0.048311845286059626 0.2851310541310541 0.044959709911361806 0.006475783475783476
1 0.13253827558420628 0.2852849002849003 0.21817082997582596 0.008535612535612537
2 0.4704029008863819 0.2930569800569801 0.01459307010475423 0.006182336182336182
3 0.32166398066075746 0.29321937321937325 0.09641821112006446 0.00635042735042735
2 0.2337026591458501 0.2936780626780627 0.011994359387590652 0.005586894586894587
1 0.37614020950846094 0.2936780626780627 0.20573327961321514 0.009168091168091167
3 0.05222401289282837 0.29372934472934475 0.052115229653505235 0.006202279202279202
1 0.13383964544722 0.29396581196581195 0.2167526188557615 0.008282051282051282
1 0.375624496373892 0.30153276353276354 0.20619661563255437 0.009544159544159544
3 0.31937147461724413 0.30211680911680916 0.0918815471394037 0.006196581196581196
2 0.23358984689766316 0.30211965811965813 0.011075745366639807 0.006153846153846154
1 0.13383561643835618 0.30214529914529914 0.21835616438356165 0.00815954415954416
3 0.06987107171635777 0.30215384615384616 0.08754230459307011 0.006698005698005698
2 0.47022562449637384 0.30232763532763535 0.013718775181305399 0.006002849002849003
3 0.07470185334407736 0.3346552706552707 0.09724012892828364 0.006857549857549858
1 0.13335616438356165 0.33466096866096867 0.21498388396454474 0.008407407407407409
2 0.23295729250604352 0.33467806267806266 0.01257856567284448 0.006837606837606838
3 0.31263497179693794 0.3348974358974359 0.07920628525382756 0.006304843304843304
2 0.47043916196615637 0.33496296296296296 0.011551168412570508 0.006675213675213675
1 0.37571716357775986 0.33497150997151 0.2062610797743755 0.00845868945868946
1 0.13209911361804996 0.3432905982905983 0.21668412570507653 0.007290598290598291
3 0.07179290894439967 0.3435498575498575 0.09171232876712329 0.006062678062678063
1 0.37662771958098307 0.34371225071225076 0.2096857373086221 0.009464387464387464
2 0.2321273166800967 0.34371794871794875 0.012993553585817889 0.0061994301994301995
2 0.4702860596293312 0.3437578347578347 0.012280419016921838 0.005908831908831908
3 0.31423448831587425 0.343957264957265 0.08222804190169218 0.006131054131054131
2 0.23238114423851733 0.35212820512820514 0.01298146655922643 0.005766381766381766
1 0.1327276390008058 0.35219943019943023 0.21533037872683322 0.008250712250712252
1 0.3752135374697824 0.3523447293447293 0.2088799355358582 0.008279202279202279
2 0.4704512489927478 0.35234757834757835 0.01209911361804996 0.0062079772079772074
3 0.06387187751813055 0.3524102564102564 0.07675261885576148 0.0069344729344729345
3 0.30945205479452054 0.3524415954415954 0.07249798549556809 0.006062678062678063
1 0.3745004029008864 0.3603133903133903 0.2076470588235294 0.00909116809116809
1 0.1318815471394037 0.36073504273504275 0.215245769540693 0.008840455840455841
2 0.23224415793714745 0.3608746438746439 0.01219178082191781 0.006011396011396012
2 0.47037872683319903 0.36098575498575497 0.012469782433521353 0.005866096866096866
3 0.31455680902497984 0.36118518518518516 0.08320709105560033 0.006923076923076923
3 0.06342465753424657 0.36127920227920224 0.07442385173247382 0.006401709401709401
2 0.23246575342465753 0.3694928774928775 0.012626913779210314 0.006361823361823361
2 0.4705761482675262 0.3694985754985755 0.012864625302175664 0.006005698005698005
3 0.05213134568896051 0.36973789173789173 0.051172441579371473 0.006011396011396012
1 0.3764705882352941 0.3697692307692308 0.20937147461724415 0.009293447293447292
1 0.13288074133763095 0.3697749287749288 0.2148348106365834 0.008168091168091168
3 0.3067082997582595 0.370002849002849 0.06684125705076552 0.007017094017094017
1 0.13275584206285254 0.378002849002849 0.2153908138597905 0.00984900284900285
1 0.37567687348912165 0.378019943019943 0.20931103948428686 0.007735042735042734
2 0.23215149073327962 0.3784786324786325 0.011482675261885577 0.00635042735042735
3 0.06748589846897664 0.37855270655270656 0.08221595487510072 0.006572649572649573
3 0.3133279613215149 0.3786324786324786 0.07941176470588235 0.0067293447293447295
2 0.47082594681708295 0.3786980056980057 0.013887993553585817 0.006418803418803419
1 0.13231265108783238 0.3867407407407408 0.21610797743755036 0.008569800569800569
1 0.3765269943593876 0.38674358974358974 0.20761079774375502 0.00960968660968661
3 0.3261804995970991 0.3871908831908832 0.10478243352135375 0.006780626780626781
2 0.4709629331184529 0.38728490028490026 0.01363819500402901 0.005974358974358974
2 0.23193795326349717 0.3874558404558405 0.010535858178887993 0.005948717948717948
3 0.11771152296535053 0.38749002849002845 0.1843392425463336 0.006193732193732193
3 0.06592667203867848 0.3955498575498576 0.07875906526994358 0.006190883190883191
1 0.1333843674456084 0.3955954415954416 0.2150402900886382 0.006185185185185185
1 0.37652296535052376 0.3956039886039886 0.20761885576148265 0.008367521367521369
2 0.4705761482675262 0.39573504273504273 0.012868654311039484 0.005626780626780627
3 0.3154754230459307 0.39590598290598294 0.08404109589041096 0.0066695156695156695
2 0.23337228041901692 0.39592877492877493 0.013448831587429494 0.005635327635327636
1 0.1328283642224013 0.40387179487179486 0.21522562449637392 0.010017094017094016
2 0.23259871071716356 0.4041908831908832 0.013416599516518935 0.006022792022792023
3 0.10392022562449638 0.4046809116809117 0.15609186140209508 0.006441595441595441
1 0.1336341659951652 0.4128917378917379 0.21875503626107978 0.00858974358974359
2 0.23290088638195003 0.41325641025641024 0.013501208702659145 0.005794871794871795
3 0.07883964544721998 0.41327920227920223 0.10626913779210313 0.0070427350427350426
1 0.3757211925866237 0.42862393162393164 0.20706688154713943 0.009370370370370371
2 0.46884770346494764 0.42910256410256414 0.017711522965350526 0.006658119658119658
3 0.3252215954875101 0.4294188034188034 0.10319500402900886 0.006603988603988604
1 0.376071716357776 0.43826210826210826 0.20696615632554394 0.008754985754985754
3 0.33346091861402094 0.4383931623931624 0.12068090249798548 0.006301994301994302
2 0.46944399677679294 0.4384074074074074 0.016313456889605157 0.006549857549857549
1 0.1337348912167607 0.44368376068376064 0.2157413376309428 0.00823076923076923
3 0.05621676067687349 0.44372649572649575 0.059339242546333604 0.006299145299145299
2 0.23304995970991135 0.44375213675213676 0.013283642224012892 0.006592592592592593
3 0.34313456889605154 0.44663532763532765 0.1407010475423046 0.00643019943019943
1 0.37648670427074943 0.44666666666666666 0.20769540692989524 0.009102564102564102
2 0.4689967767929089 0.44675498575498573 0.016970185334407736 0.005626780626780627
1 0.13331184528605963 0.4524358974358974 0.217477840451249 0.008358974358974359
3 0.046462530217566474 0.45265242165242164 0.042518130539887185 0.00637037037037037
2 0.23060838033843675 0.4529031339031339 0.01773569701853344 0.0061794871794871795
1 0.13491941982272362 0.4611538461538462 0.2181144238517325 0.008507122507122508
2 0.23217566478646254 0.46133048433048435 0.01724012892828364 0.005783475783475784
3 0.0740088638195004 0.4613589743589743 0.09526591458501209 0.006478632478632478
3 0.09005237711522965 0.1355014245014245 0.12901692183722804 0.0061111111111111106
2 0.23333601933924253 0.1358148148148148 0.01540692989524577 0.008091168091168091
1 0.13261079774375503 0.13594017094017094 0.21788477034649475 0.010695156695156695
1 0.13311039484286866 0.14415099715099716 0.21888799355358582 0.008045584045584045
2 0.23315068493150684 0.14470655270655272 0.012441579371474616 0.006418803418803419
3 0.06492747784045125 0.14472649572649574 0.0769218372280419 0.0063561253561253556
2 0.47108380338436745 0.14678347578347578 0.012844480257856566 0.005435897435897436
1 0.37614020950846094 0.14693732193732192 0.20553182917002416 0.00815099715099715
3 0.29914585012087025 0.14698005698005698 0.05104351329572925 0.005931623931623932
1 0.13360193392425465 0.1530883190883191 0.21524174053182918 0.008646723646723647
3 0.07038275584206286 0.15318518518518517 0.08818291700241741 0.006256410256410256
2 0.23334004834810634 0.1533903133903134 0.013340048348106365 0.005806267806267806
1 0.3757413376309428 0.15535612535612534 0.20661966156325545 0.008925925925925926
3 0.30317485898468977 0.1557065527065527 0.05910153102336825 0.006316239316239316
2 0.47165189363416604 0.1557977207977208 0.012937147461724415 0.00584900284900285
1 0.13313456889605157 0.1617065527065527 0.2153545527800161 0.00796011396011396
3 0.10357373086220789 0.16215099715099715 0.154218372280419 0.006547008547008547
2 0.23286462530217567 0.16233048433048433 0.012389202256244963 0.006065527065527065
2 0.47176067687348916 0.16435897435897434 0.012115229653505238 0.005717948717948718
3 0.3567526188557615 0.1644159544159544 0.16726430298146655 0.005481481481481481
1 0.3757010475423046 0.1648062678062678 0.20665189363416597 0.008170940170940172
3 0.07997179693795327 0.17054415954415955 0.10800564061240935 0.006193732193732193
1 0.1339645447219984 0.17054700854700855 0.21651893634165995 0.006965811965811966
2 0.2322481869460113 0.17086324786324786 0.01427477840451249 0.005512820512820513
3 0.30572119258662367 0.1731823361823362 0.06420628525382756 0.0059059829059829065
2 0.4710676873489122 0.1733019943019943 0.012288477034649477 0.006720797720797721
1 0.3754190169218372 0.17332478632478632 0.2046454472199839 0.007407407407407408
1 0.13358178887993555 0.1793190883190883 0.21669218372280422 0.007763532763532763
2 0.23280419016921838 0.17935327635327636 0.014863013698630138 0.006341880341880342
3 0.08020145044319098 0.17953561253561254 0.10884770346494763 0.006176638176638176
2 0.469665592264303 0.18145584045584046 0.015197421434327155 0.00650997150997151
3 0.3502296535052377 0.18173219373219374 0.15488718775181307 0.005737891737891738
1 0.3752538275584206 0.18208547008547007 0.20487912973408542 0.008002849002849003
3 0.11019339242546333 0.18820512820512822 0.16676470588235295 0.005943019943019943
2 0.23110394842868656 0.18841880341880343 0.016655922643029817 0.006487179487179487
1 0.13375100725221598 0.1888803418803419 0.21442385173247383 0.00782051282051282
2 0.4702659145850121 0.19026495726495726 0.01691780821917808 0.00650997150997151
1 0.3762933118452861 0.19047293447293445 0.20601128122481868 0.00749002849002849
3 0.3161482675261885 0.19066666666666668 0.08525785656728445 0.005786324786324786
1 0.1340491539081386 0.1962934472934473 0.21519742143432716 0.008447293447293447
2 0.23126510878323933 0.1967920227920228 0.01750201450443191 0.00635042735042735
3 0.0735535858178888 0.19714529914529916 0.09348912167606768 0.006253561253561253
2 0.46901289282836417 0.22961823361823364 0.017526188557614827 0.006301994301994302
1 0.37639000805801776 0.2297179487179487 0.20840451248992747 0.00764957264957265
3 0.2840128928283642 0.22976068376068376 0.022457695406929896 0.006028490028490028
1 0.3751047542304593 0.23805982905982906 0.20594681708299759 0.01033048433048433
2 0.46887187751813053 0.23863247863247863 0.01620064464141821 0.006341880341880342
3 0.2970024174053183 0.23868945868945868 0.04744560838033844 0.006698005698005698
1 0.13415793714746174 0.23972934472934473 0.21733279613215148 0.008373219373219373
3 0.03691780821917808 0.23972934472934473 0.02217163577759871 0.006333333333333333
2 0.23234891216760678 0.23997435897435895 0.012397260273972602 0.006826210826210826
3 0.04845688960515713 0.24866381766381765 0.043916196615632556 0.005786324786324786
2 0.23238517324738114 0.24880911680911683 0.011430298146655924 0.006877492877492878
1 0.13318694601128123 0.24921082621082621 0.2155197421434327 0.007264957264957265
1 0.13356567284448026 0.25653846153846155 0.21505237711522965 0.008777777777777777
2 0.23277598710717162 0.256965811965812 0.012215954875100726 0.005943019943019943
3 0.05000805801772764 0.2570940170940171 0.04780419016921837 0.005683760683760684
3 0.31006043513295733 0.27606552706552706 0.07421031426269138 0.006182336182336182
2 0.4697260273972602 0.27612250712250713 0.012199838839645448 0.006079772079772079
1 0.37567687348912165 0.27616809116809116 0.2061764705882353 0.00849002849002849
2 0.23358581788879934 0.2847065527065527 0.011232876712328766 0.006732193732193732
1 0.3750684931506849 0.28478062678062677 0.20737711522965352 0.00752991452991453
2 0.47020547945205476 0.2848461538461538 0.014721998388396454 0.006276353276353276