1 0.2054351329572925 0.05721652421652422 0.07526591458501208 0.009552706552706553
3 0.20544319097502015 0.057700854700854703 0.07104351329572925 0.007527065527065528
3 0.1894802578565673 0.0653019943019943 0.03972602739726027 0.006031339031339032
1 0.19086220789685737 0.06543874643874643 0.04491136180499597 0.006735042735042735
1 0.18180902497985496 0.07317378917378917 0.0264665592264303 0.008185185185185186
3 0.17999597099113618 0.07322222222222222 0.020753424657534245 0.005603988603988605
1 0.19458501208702658 0.08086039886039886 0.05237308622078969 0.008227920227920228
3 0.19404512489927478 0.08114814814814815 0.04885173247381144 0.0060512820512820505
1 0.19887993553585817 0.08846438746438746 0.06073327961321515 0.008002849002849003
3 0.19807010475423045 0.08892877492877492 0.05690572119258663 0.005772079772079773
3 0.19292506043513294 0.11441880341880342 0.0466116035455278 0.006663817663817664
1 0.19325543916196616 0.11452991452991453 0.05151490733279613 0.008598290598290597
1 0.18228041901692185 0.12183475783475783 0.02835616438356164 0.007797720797720798
3 0.18046736502820307 0.12253561253561254 0.02230862207896857 0.005774928774928775
1 0.181941982272361 0.13018233618233618 0.027675261885576147 0.0078005698005698
3 0.18238517324738115 0.13043874643874642 0.02493150684931507 0.006598290598290598
1 0.2003908138597905 0.13851566951566952 0.06336019339242546 0.0081994301994302
3 0.20035858178887994 0.1386011396011396 0.060269943593875906 0.006230769230769231
1 0.20420628525382756 0.14610256410256411 0.07187348912167606 0.007877492877492877
3 0.2041498791297341 0.14620227920227918 0.06845688960515713 0.00645014245014245
1 0.18834004834810636 0.1734102564102564 0.03804995970991136 0.008213675213675213
3 0.18765511684125705 0.1734957264957265 0.035467365028203066 0.005384615384615384
1 0.19480660757453666 0.18145299145299146 0.05072119258662369 0.008663817663817663
3 0.19373489121676069 0.1816296296296296 0.048839645447219984 0.006672364672364673
1 0.19072925060435134 0.18945584045584046 0.0437389202256245 0.006786324786324786
3 0.1896857373086221 0.18952991452991452 0.040132957292506044 0.005347578347578348
3 0.18931103948428687 0.197014245014245 0.038779210314262694 0.006621082621082621
1 0.19089443996776792 0.19702279202279202 0.044621273166800965 0.00749002849002849