3 0.7671273166800967 0.32211965811965815 0.26674053182917 0.011792022792022792
2 0.9479854955680903 0.3224928774928775 0.02705479452054795 0.01178917378917379
1 0.7977840451248992 0.3227663817663818 0.3298509266720387 0.015618233618233618
3 0.7728364222401289 0.3402934472934473 0.27815471394037067 0.013000000000000001
2 0.9473932312651088 0.3403732193732194 0.02587429492344883 0.009900284900284901
1 0.7973529411764706 0.3413475783475784 0.32898871877518127 0.014264957264957264
3 0.7173287671232877 0.35852421652421657 0.16465350523771152 0.010811965811965812
1 0.797655116841257 0.35877777777777775 0.32618855761482674 0.01221082621082621
2 0.9472804190169218 0.359065527065527 0.02564867042707494 0.010877492877492878
1 0.7980056406124094 0.3767236467236467 0.3301490733279613 0.013680911680911682
3 0.6923972602739726 0.3767749287749288 0.11501611603545529 0.009777777777777778
2 0.947812248186946 0.3781880341880342 0.02846091861402095 0.010236467236467237
3 0.7040008058017727 0.3960740740740741 0.14172038678485094 0.011247863247863248
2 0.9471756647864624 0.3967264957264957 0.02805398871877518 0.010284900284900285
1 0.7977598710717163 0.396977207977208 0.32867042707493954 0.01157834757834758
3 0.7032876712328767 0.41395441595441596 0.1367163577759871 0.010962962962962963
1 0.7995447219983884 0.4145925925925926 0.3293432715551974 0.01417948717948718
2 0.9473327961321516 0.4147948717948718 0.03186140209508461 0.011245014245014244
3 0.7306768734891217 0.4326866096866097 0.19001208702659148 0.011270655270655272
1 0.7982433521353747 0.43330199430199434 0.33080983078162773 0.012866096866096865
2 0.9479250604351329 0.4339230769230769 0.02780821917808219 0.010623931623931623
3 0.7578041901692183 0.45236752136752134 0.2512812248186946 0.00968091168091168
2 0.9475382755842062 0.4525840455840456 0.027908944399677678 0.00968091168091168
1 0.7971514907332796 0.4534188034188034 0.33199838839645446 0.012119658119658119
2 0.9440290088638195 0.57397150997151 0.027872683319903307 0.009293447293447292
1 0.7960636583400483 0.5744672364672365 0.3309548751007252 0.011074074074074073
3 0.6743029814665592 0.5747435897435897 0.0890934730056406 0.010002849002849003
3 0.688190975020145 0.5915868945868945 0.1134931506849315 0.010575498575498575
2 0.9449435938759065 0.5928205128205128 0.029701853344077357 0.010581196581196581
1 0.7956809024979855 0.5932108262108262 0.3290491539081386 0.01245014245014245
2 0.9397582594681708 0.6116780626780626 0.037655116841257046 0.01064957264957265
3 0.6987066881547139 0.611988603988604 0.1323771152296535 0.011783475783475784
1 0.7961039484286866 0.6122735042735042 0.3310314262691378 0.01205982905982906
2 0.9386946011281225 0.6303817663817664 0.03728041901692184 0.009797720797720798
3 0.6995124899274778 0.6304501424501425 0.13557211925866236 0.013660968660968663
1 0.796317485898469 0.6310769230769231 0.3314625302175665 0.011951566951566952
2 0.9389041095890411 0.6487207977207978 0.03769943593875906 0.008823361823361823
1 0.7966800966962126 0.6493048433048433 0.3321837228041902 0.011498575498575499
3 0.6974174053182917 0.6494472934472935 0.13228444802578565 0.010282051282051284
3 0.7073851732473811 0.7723219373219373 0.15346494762288476 0.010954415954415955
2 0.9425302175664787 0.773005698005698 0.0283682514101531 0.009299145299145299
1 0.7938074133763094 0.7733931623931625 0.3295044319097502 0.011304843304843305
1 0.7945245769540693 0.7911937321937322 0.3295487510072522 0.012324786324786324
2 0.9423045930701048 0.7911994301994303 0.029516518936341662 0.009179487179487179
3 0.680781627719581 0.7914558404558405 0.09901289282836422 0.010575498575498575
2 0.942389202256245 0.8088062678062677 0.029685737308622083 0.010139601139601141
1 0.794911361804996 0.8092165242165242 0.3247300564061241 0.012800569800569801
3 0.6858460918614021 0.8094330484330484 0.10417002417405319 0.012267806267806268
2 0.9450322320709106 0.8292649572649572 0.03000805801772764 0.00976923076923077
1 0.7969983883964545 0.8297777777777777 0.32941579371474616 0.015356125356125355
3 0.7007332796132152 0.829962962962963 0.13891619661563256 0.012923076923076923
2 0.9435616438356165 0.8470740740740741 0.029552780016116033 0.009373219373219372
3 0.6979693795326349 0.8471082621082621 0.1333883964544722 0.009441595441595441
1 0.7966760676873489 0.8474188034188034 0.32877115229653503 0.011319088319088318
1 0.7952377115229653 0.8654301994301994 0.3304351329572925 0.01524786324786325
2 0.9429411764705883 0.8658433048433049 0.02830781627719581 0.009139601139601139
3 0.7152377115229653 0.8668632478632479 0.171651893634166 0.010304843304843306
2 0.9426269137792103 0.8846296296296297 0.0301651893634166 0.008943019943019943
1 0.7953787268331991 0.884908831908832 0.3307171635777599 0.010871794871794871
3 0.7385495568090249 0.8851452991452992 0.21578968573730864 0.009096866096866097
2 0.9432876712328766 0.9040883190883191 0.02775987107171636 0.010088319088319087
1 0.7948348106365833 0.9042564102564102 0.32622884770346494 0.011045584045584046
3 0.6906124093473005 0.9046837606837607 0.11619258662369057 0.013037037037037036
3 0.6905842062852539 0.92305698005698 0.1161361804995971 0.01201139601139601
2 0.9435052377115231 0.9232849002849003 0.028199033037872683 0.010623931623931623
1 0.7960354552780016 0.9236552706552708 0.327610797743755 0.01410826210826211