3 0.627522159548751 0.2888205128205128 0.10197018533440774 0.014279202279202279
1 0.6726833199033038 0.28978062678062677 0.19468170829975825 0.01789173789173789
2 0.7540128928283643 0.2906153846153846 0.02733682514101531 0.011960113960113958
1 0.6728807413376309 0.30919658119658117 0.19507252215954876 0.01871794871794872
3 0.634645447219984 0.30946723646723645 0.11502014504431911 0.015037037037037038
2 0.7553102336825142 0.3097920227920228 0.02788477034649476 0.012304843304843304
3 0.6127639000805802 0.3552735042735043 0.07484286865431104 0.013737891737891738
1 0.6724053182917002 0.35543589743589743 0.1977074939564867 0.016595441595441594
2 0.7541619661563255 0.35580626780626784 0.030358581788879933 0.013116809116809116
1 0.6722159548751008 0.3745868945868946 0.1973327961321515 0.019424501424501427
2 0.7548831587429492 0.3752336182336182 0.03180499597099114 0.01396011396011396
3 0.6148348106365834 0.3755213675213675 0.08017727639000806 0.016225071225071226
1 0.6733239323126511 0.3945840455840456 0.20313053988718777 0.018034188034188034
2 0.755177276390008 0.39496581196581193 0.034778404512489924 0.013846153846153847
3 0.5955278001611604 0.39509686609686606 0.041563255439161964 0.01399145299145299
1 0.6723771152296535 0.4140883190883191 0.19884770346494762 0.019877492877492877
2 0.7549395648670427 0.4147834757834758 0.031917808219178084 0.01450997150997151
3 0.6143634165995164 0.415931623931624 0.08281627719580983 0.017652421652421653
1 0.6692546333601933 0.4338974358974359 0.19618049959709913 0.01895726495726496
2 0.75232070910556 0.43435897435897436 0.027868654311039485 0.013125356125356126
3 0.6414423851732474 0.4358803418803419 0.13578162771958097 0.01700854700854701
3 0.6404391619661562 0.4542934472934473 0.13377115229653505 0.01498005698005698
2 0.7525866236905722 0.4547321937321937 0.027215954875100725 0.012481481481481482
1 0.671450443190975 0.45484045584045585 0.19579774375503628 0.01607977207977208
3 0.1183440773569702 0.46054700854700853 0.1466720386784851 0.01398005698005698
1 0.15863013698630138 0.4614188034188034 0.22843271555197422 0.018256410256410255
2 0.2537832393231265 0.46200854700854704 0.031736502820306205 0.01351851851851852
3 0.3712812248186946 0.4629059829059829 0.13893231265108782 0.01531908831908832
1 0.4152699435938759 0.4631538461538462 0.22571313456889605 0.01919088319088319
2 0.5116881547139404 0.46422507122507123 0.031555197421434325 0.012039886039886039
1 0.670894439967768 0.47387179487179487 0.19587832393231266 0.01782051282051282
2 0.7524939564867043 0.4744672364672365 0.028219178082191782 0.013102564102564104
3 0.6480136986301369 0.4752735042735043 0.14772763900080582 0.018937321937321935
3 0.1319178082191781 0.48068945868945867 0.17500805801772765 0.012874643874643875
2 0.2555278001611604 0.4820883190883191 0.03164383561643836 0.014829059829059828
1 0.15767929089443997 0.4821823361823362 0.22892022562449635 0.016703703703703703
3 0.38848106365834006 0.4833247863247863 0.17333199033037872 0.013925925925925927
2 0.511696212731668 0.48366381766381766 0.03275987107171636 0.012068376068376067
1 0.4151087832393231 0.48375213675213674 0.228972602739726 0.016467236467236468
2 0.7525181305398871 0.49391737891737897 0.029464141821112004 0.014834757834757835
1 0.671672038678485 0.49496296296296294 0.19385576148267525 0.017774928774928776
3 0.64022159548751 0.49564102564102563 0.1309548751007252 0.016595441595441594
3 0.13215551974214343 0.5004074074074074 0.17548751007252217 0.013461538461538462
1 0.15896051571313458 0.5016324786324786 0.23148267526188557 0.016752136752136753
2 0.2543150684931507 0.502091168091168 0.03041095890410959 0.012603988603988604
3 0.38917002417405316 0.5029743589743589 0.17351732473811443 0.013527065527065526
1 0.4139887187751813 0.5033333333333333 0.2267365028203062 0.016774928774928775
2 0.5105680902497985 0.5037663817663818 0.034536663980660756 0.014264957264957264
1 0.6769097502014504 0.15063817663817664 0.20791297340854148 0.018330484330484332
2 0.7597461724415794 0.1513162393162393 0.033166800966962125 0.012082621082621082
3 0.6204391619661563 0.15195441595441594 0.0854149879129734 0.01673789173789174
3 0.06352538275584206 0.15584045584045583 0.058529411764705885 0.014376068376068377
1 0.15156325543916196 0.15777777777777777 0.23460515713134567 0.019094017094017094
3 0.36313053988718774 0.15792307692307692 0.12143432715551973 0.016005698005698007
1 0.4216800966962127 0.15807977207977209 0.2337590652699436 0.021384615384615384
2 0.2518372280419017 0.1583133903133903 0.026651893634165997 0.014253561253561253
2 0.524307010475423 0.16156980056980058 0.0293190975020145 0.013165242165242166
2 0.7583158742949235 0.1713048433048433 0.03508460918614021 0.012367521367521367
1 0.6781748589846898 0.17137037037037037 0.20208299758259468 0.018407407407407407
3 0.6228968573730862 0.17164957264957265 0.09152296535052377 0.01643019943019943
3 0.33458098307816275 0.17663817663817663 0.06314262691377921 0.013737891737891738
3 0.0614867042707494 0.17704843304843307 0.05564464141821113 0.015407407407407406
1 0.1508904109589041 0.1773789173789174 0.23565269943593875 0.01944729344729345
1 0.41961321514907335 0.1788005698005698 0.2344037066881547 0.020598290598290596
2 0.25298549556809025 0.17892877492877493 0.02775584206285254 0.01325071225071225
2 0.5208904109589041 0.1807037037037037 0.029649476228847706 0.013424501424501424
3 0.5948066075745366 0.19012535612535614 0.03892828364222402 0.013686609686609686
1 0.6756929895245769 0.19091737891737892 0.20309024979854956 0.018652421652421654
2 0.7586502820306205 0.19166951566951568 0.033364222401289285 0.0133988603988604
3 0.05847703464947622 0.1952905982905983 0.04843674456083803 0.011350427350427352
1 0.15302175664786463 0.1966923076923077 0.23905721192586624 0.020475783475783476
3 0.33436744560838033 0.19755840455840454 0.06152296535052377 0.014196581196581196
1 0.4221394037066882 0.19854985754985754 0.2418412570507655 0.019555555555555555
2 0.2542989524576954 0.1988945868945869 0.03157937147461724 0.013490028490028491
2 0.5235132957292505 0.2000968660968661 0.034899274778404515 0.013361823361823361
3 0.5913013698630136 0.20960398860398863 0.030721192586623692 0.012102564102564101
1 0.6766277195809831 0.20963532763532766 0.20257453666398068 0.017236467236467237
2 0.757969379532635 0.2112792022792023 0.034391619661563254 0.012074074074074076
3 0.05468573730862208 0.21537606837606837 0.042042707493956485 0.012666666666666666
1 0.15221595487510073 0.21729914529914532 0.23827961321514907 0.018960113960113958
3 0.32666398066075747 0.21778347578347576 0.04372280419016922 0.014948717948717948
2 0.254621273166801 0.21836752136752138 0.028638195004029008 0.013584045584045584
1 0.4230499597099114 0.21876353276353278 0.23769137792103145 0.019444444444444445
2 0.5234085414987912 0.22013105413105413 0.03229653505237711 0.012886039886039886
1 0.6751490733279614 0.22923076923076924 0.19974617244157936 0.019262108262108262
2 0.7582997582594682 0.23067521367521365 0.03505640612409348 0.013700854700854703
3 0.6120346494762289 0.23133333333333334 0.07099516518936343 0.01671225071225071
3 0.10184931506849315 0.23531054131054133 0.13278404512489927 0.01452991452991453
1 0.15447219983883964 0.2364017094017094 0.238549556809025 0.019606837606837606
3 0.3681869460112812 0.23713105413105415 0.13154311039484287 0.014792022792022793
1 0.42240531829170025 0.23847008547008547 0.2399838839645447 0.020005698005698007
2 0.2540572119258663 0.23907692307692308 0.031027397260273974 0.013615384615384616
2 0.5239605157131346 0.2405982905982906 0.031015310233682515 0.014125356125356125
1 0.6759790491539082 0.25012820512820516 0.19769137792103142 0.020512820512820513
2 0.7576188557614827 0.2504245014245014 0.03249798549556809 0.01266096866096866
3 0.616248992747784 0.2511851851851852 0.07584609186140209 0.01417948717948718
3 0.07599516518936342 0.25444729344729344 0.08107977437550364 0.013948717948717949
3 0.3765028203062047 0.2568376068376068 0.14698630136986301 0.013660968660968663
1 0.15090249798549557 0.2570997150997151 0.23255036261079776 0.02044159544159544
2 0.2519822723609992 0.257980056980057 0.028134568896051572 0.011726495726495725
1 0.4212691377921031 0.25847863247863245 0.23886784850926673 0.019376068376068378
2 0.5230781627719581 0.2602877492877493 0.03163577759871072 0.012116809116809117
3 0.6103948428686543 0.2700370370370371 0.06532634971796937 0.013031339031339031
2 0.7569097502014505 0.2703789173789174 0.031079774375503626 0.012028490028490027
1 0.6750040290088638 0.2713076923076923 0.19693392425463338 0.016507122507122506
3 0.339331184528606 0.2756552706552706 0.07383561643835616 0.013287749287749288
1 0.1523569701853344 0.2765099715099715 0.23919822723609993 0.01794017094017094
3 0.06607171635777599 0.27705698005698004 0.06327155519742143 0.016547008547008548
2 0.253593875906527 0.27776923076923077 0.03136180499597099 0.013293447293447292
1 0.41925060435132955 0.27796296296296297 0.23248186946011282 0.021284900284900283
2 0.5219137792103143 0.28022222222222226 0.029307010475423043 0.012287749287749289