3 0.1317606768734891 0.2888205128205128 0.1903303787268332 0.03903988603988604
1 0.17254633360193392 0.32111111111111107 0.2760958904109589 0.10757549857549857
0 0.17300564061240933 0.3334387464387464 0.2756204673650282 0.045264957264957266
2 0.06776390008058017 0.36623646723646724 0.05815068493150685 0.01697720797720798
3 0.1539846897663175 0.10156410256410257 0.23058823529411768 0.018321937321937324
0 0.17761885576148267 0.12755840455840456 0.2792586623690572 0.029794871794871794
1 0.1791982272360999 0.1284131054131054 0.282232070910556 0.07175783475783476
2 0.07009266720386785 0.15301994301994304 0.06297743755036261 0.01711965811965812
3 0.15712328767123288 0.19815954415954415 0.2494439967767929 0.017814814814814815
0 0.1517163577759871 0.21694301994301995 0.23863013698630137 0.016843304843304843
1 0.15852538275584205 0.21739886039886042 0.25364625302175664 0.057282051282051286
2 0.06514907332796131 0.23542450142450144 0.060282030620467365 0.01735042735042735