2 0.31263497179693794 0.28764387464387464 0.02114020950846092 0.008772079772079772
3 0.17352941176470588 0.28781196581196583 0.20622481869460113 0.009977207977207978
3 0.43955680902497984 0.2972792022792023 0.13625705076551167 0.00950997150997151
2 0.5440733279613216 0.29733333333333334 0.024419822723609992 0.010358974358974359
1 0.19715954875100727 0.29792307692307696 0.257723609991942 0.035777777777777776
0 0.1864262691377921 0.3036467236467236 0.23269540692989524 0.018321937321937324
1 0.5158420628525382 0.3068803418803419 0.2906849315068493 0.03444729344729345
0 0.5094560838033844 0.312937321937322 0.27685737308622077 0.017455840455840456
2 0.2890290088638195 0.32930199430199425 0.024246575342465753 0.009985754985754986
3 0.16195004029008864 0.32947293447293446 0.18556406124093472 0.00980911680911681
1 0.18849717969379534 0.3387464387464387 0.24732876712328766 0.0351965811965812
3 0.46838839645447217 0.3403960113960114 0.194754230459307 0.012247863247863248
0 0.17838033843674456 0.34520227920227925 0.21896051571313457 0.01697720797720798
1 0.467723609991942 0.3523988603988604 0.19587429492344885 0.03838746438746439
0 0.44427880741337633 0.3635555555555555 0.14650282030620468 0.008675213675213674
3 0.16596293311845287 0.37041310541310546 0.19275181305398872 0.00878062678062678
2 0.2981869460112812 0.3718176638176638 0.02417808219178082 0.008116809116809117
1 0.209218372280419 0.3824444444444445 0.28184528605962933 0.036695156695156696
0 0.20879129734085417 0.38740740740740737 0.27821514907332795 0.019709401709401712
3 0.34122884770346495 0.504011396011396 0.12379532634971796 0.011002849002849003
2 0.4393029814665592 0.5052564102564102 0.02387993553585818 0.010210826210826212
1 0.3672078968573731 0.508982905982906 0.3887187751813054 0.030504273504273503
0 0.3665068493150685 0.5161908831908831 0.37979854955680903 0.008831908831908831
2 0.4796857373086221 0.5369088319088319 0.019488315874294924 0.00921082621082621
3 0.3427477840451249 0.5373561253561253 0.19902497985495568 0.01049002849002849
1 0.3671756647864626 0.5410655270655271 0.2597502014504432 0.024786324786324785
0 0.36730056406124095 0.5476723646723647 0.2595447219983884 0.009071225071225071
3 0.3419057211925866 0.5693333333333334 0.1443432715551974 0.009826210826210827
2 0.4507332796132152 0.5693475783475783 0.024480257856567284 0.01045014245014245
1 0.36841659951651895 0.5747407407407407 0.29230862207896857 0.02326780626780627
0 0.36744157937147465 0.5801509971509972 0.2890692989524577 0.009233618233618233
3 0.4095930701047542 0.695934472934473 0.07594278807413377 0.010216524216524216
2 0.47870668815471396 0.69597150997151 0.024311039484286867 0.009857549857549858
2 0.25613618049959713 0.6967663817663818 0.02135374697824335 0.01007977207977208
3 0.1457010475423046 0.6970427350427351 0.15399677679290896 0.010658119658119657
1 0.2106970185334408 0.7053846153846154 0.2891015310233682 0.032373219373219374
1 0.5097461724415794 0.7056980056980057 0.28422240128928283 0.031982905982905985
0 0.2106970185334408 0.7123105413105413 0.28359790491539083 0.01714814814814815
0 0.5102296535052377 0.7125356125356125 0.27930298146655924 0.017603988603988603
3 0.10841659951651893 0.7382421652421652 0.07668815471394037 0.009703703703703704
2 0.18337630942788075 0.7384074074074074 0.02387590652699436 0.00988888888888889
2 0.4898831587429493 0.7388632478632479 0.023440773569701853 0.01011965811965812
3 0.4131869460112812 0.7392393162393163 0.08313053988718776 0.009116809116809116
1 0.5137792103142627 0.7482336182336183 0.2822562449637389 0.03501994301994302
1 0.21713537469782432 0.7486980056980056 0.2976833199033038 0.03493447293447294
0 0.5120910556003223 0.7541937321937321 0.281071716357776 0.018205128205128204
0 0.2151732473811442 0.7544102564102564 0.29254633360193394 0.018641025641025644
3 0.11224012892828364 0.779917378917379 0.08616438356164384 0.0097008547008547
2 0.545334407735697 0.779980056980057 0.023070104754230457 0.01093162393162393
2 0.1884488315874295 0.7803105413105412 0.01853746978243352 0.010225071225071226
3 0.440535858178888 0.7809031339031338 0.13599919419822723 0.011672364672364672
1 0.5033964544721998 0.7898518518518519 0.26578968573730866 0.03521082621082621
1 0.20455278001611604 0.7911082621082621 0.27251813053988716 0.037723646723646725
0 0.5023771152296536 0.7961424501424501 0.26164383561643834 0.016635327635327636
0 0.20267929089443998 0.7962478632478632 0.2656164383561644 0.017535612535612536
3 0.15269943593875906 0.08807692307692307 0.16456486704270748 0.009165242165242166
2 0.27348912167606765 0.08825925925925926 0.021228847703464948 0.010259259259259258
3 0.41966559226430294 0.08837891737891737 0.09730862207896858 0.010943019943019942
2 0.5008984689766317 0.08881196581196582 0.02321917808219178 0.009994301994301994
3 0.33902900886381954 0.913068376068376 0.2409307010475423 0.009789173789173789
2 0.5018855761482676 0.9130883190883191 0.024218372280419016 0.00894017094017094
1 0.3659468170829976 0.9182621082621082 0.5222562449637389 0.023643874643874643
0 0.36663174858984693 0.9241908831908832 0.5077437550362611 0.010122507122507124
2 0.45562449637389196 0.9444529914529916 0.025551974214343274 0.012145299145299146
3 0.34352135374697823 0.9452877492877493 0.15945608380338436 0.010259259259259258
1 0.3656970185334408 0.9502136752136752 0.3143190975020145 0.02982051282051282
0 0.366317485898469 0.9572706552706552 0.30826752618855763 0.009424501424501424
1 0.2097461724415794 0.09791168091168091 0.28433118452860595 0.03478917378917379
1 0.505088638195004 0.09815384615384615 0.2720427074939565 0.034262108262108265
0 0.503569701853344 0.10346438746438748 0.26430298146655923 0.01579202279202279
0 0.20970185334407737 0.10419373219373221 0.28032232070910557 0.017541310541310542
2 0.25456889605157135 0.12936182336182336 0.02305398871877518 0.01103988603988604
2 0.547945205479452 0.12952136752136753 0.023448831587429494 0.009307692307692308
3 0.1444238517324738 0.13002564102564101 0.15050765511684125 0.010743589743589743
3 0.4401692183722804 0.13015099715099715 0.14080580177276392 0.009233618233618233
1 0.510535858178888 0.13556410256410256 0.2829290894439968 0.025022792022792024
1 0.20118452860596292 0.13913390313390314 0.26578162771958097 0.03317378917378917
0 0.465157131345689 0.1411851851851852 0.18983481063658342 0.008444444444444445
0 0.20078162771958097 0.14565811965811964 0.2610394842868654 0.01882905982905983
3 0.4682715551974214 0.16258404558404557 0.19452054794520549 0.009415954415954416
2 0.6010596293311845 0.1627037037037037 0.025181305398871878 0.010678062678062678
2 0.25683319903303786 0.17167806267806268 0.0237187751813054 0.010837606837606838
3 0.14612409347300565 0.1721054131054131 0.15224818694601128 0.01082051282051282
1 0.5158622078968573 0.17713960113960114 0.29215551974214343 0.04234188034188034
1 0.18882352941176472 0.17715099715099714 0.24388396454472203 0.02717378917378917
0 0.5155680902497985 0.1826752136752137 0.28908541498791296 0.02696866096866097
0 0.18810636583400484 0.1829059829059829 0.23998791297340855 0.008541310541310541
2 0.2588074133763094 0.20410256410256408 0.01895245769540693 0.009997150997150999
3 0.14921031426269138 0.20431908831908832 0.15925463336019338 0.009982905982905983
2 0.514016921837228 0.2133846153846154 0.024294923448831586 0.010772079772079772
1 0.2027719580983078 0.2133960113960114 0.26895245769540693 0.03180626780626781
3 0.42381144238517326 0.2136182336182336 0.10726430298146657 0.009766381766381766
0 0.2013215149073328 0.21934472934472934 0.26405721192586623 0.016894586894586894
1 0.5024174053182917 0.2227378917378917 0.26813053988718777 0.0352962962962963
0 0.5029089443996777 0.2291054131054131 0.2637630942788074 0.018706552706552707
3 0.1695004029008864 0.24572364672364672 0.2006607574536664 0.011062678062678062
2 0.3058380338436745 0.2458034188034188 0.023033843674456083 0.00992877492877493
1 0.20600322320709105 0.25445014245014247 0.27541901692183723 0.03624786324786325
2 0.47253424657534243 0.2557663817663818 0.024544721998388398 0.008643874643874644
3 0.4039242546333602 0.255994301994302 0.06582191780821918 0.009259259259259259
0 0.2006607574536664 0.2618176638176638 0.26195406929895243 0.018005698005698005
1 0.5101007252215954 0.2652193732193732 0.2820588235294118 0.03315954415954416
0 0.5097260273972604 0.2707207977207977 0.2766156325543916 0.016367521367521367