3 0.1476228847703465 0.02873219373219373 0.22363013698630135 0.01790883190883191
3 0.15153102336825142 0.2873390313390313 0.23535858178887992 0.016105413105413104
0 0.1608219178082192 0.32073789173789174 0.24955680902497984 0.04676923076923077
1 0.16039887187751814 0.32291168091168093 0.2548549556809025 0.08828490028490028
2 0.06728444802578566 0.35609116809116814 0.06102336825141016 0.019390313390313392
1 0.15463738920225625 0.049 0.2426027397260274 0.06325071225071224
2 0.24160354552780014 0.05054700854700854 0.06070104754230459 0.017464387464387464
0 0.12164383561643836 0.051321937321937315 0.17412570507655117 0.016945868945868945
3 0.15996776792908945 0.12490028490028489 0.24274375503626108 0.03917378917378917
1 0.15943593875906528 0.1436980056980057 0.24532634971796938 0.07986894586894586
0 0.13767929089443998 0.15528490028490027 0.20327558420628525 0.017344729344729345
2 0.06908944399677679 0.17295726495726496 0.06317485898468977 0.017586894586894587
3 0.12816680096696215 0.2113903133903134 0.18425060435132956 0.017017094017094017
0 0.15552377115229654 0.22875213675213674 0.23896857373086222 0.015606837606837606
1 0.15589443996776794 0.23071794871794873 0.23970588235294119 0.059806267806267806
2 0.0682232070910556 0.2475071225071225 0.06436744560838034 0.020076923076923076