2 0.81116035455278 0.2971623931623932 0.057997582594681706 0.02184615384615385
3 0.31563255439161964 0.2984786324786325 0.30340451248992745 0.022396011396011394
1 0.5044842868654311 0.31030199430199434 0.6899435938759065 0.05228774928774929
0 0.37304995970991134 0.32479487179487176 0.424129734085415 0.02298575498575499
2 0.8116357775987108 0.3625612535612535 0.058952457695406926 0.021495726495726498
3 0.3244117647058824 0.363937321937322 0.32685334407735694 0.02216809116809117
1 0.5054754230459306 0.374997150997151 0.6919218372280419 0.05261253561253561
0 0.37180902497985496 0.3915270655270655 0.4245890410958904 0.02113960113960114
2 0.8113900080580176 0.5073247863247863 0.05845688960515713 0.019581196581196583
3 0.31308622078968573 0.5092792022792023 0.3130378726833199 0.021401709401709403
1 0.5027518130539886 0.5214643874643874 0.6923650282030621 0.049937321937321935
0 0.3730781627719581 0.5394501424501424 0.42418614020950846 0.02137321937321937
3 0.3631144238517325 0.5731139601139601 0.4042546333601934 0.022091168091168092
2 0.8129290894439968 0.5747948717948718 0.05858984689766317 0.02337037037037037
1 0.5011643835616438 0.590068376068376 0.6921353746978244 0.058082621082621085
0 0.3702780016116035 0.6035954415954415 0.42153102336825143 0.024766381766381768
2 0.8088557614826752 0.6392022792022791 0.056333601933924254 0.02311396011396011
3 0.2627437550362611 0.6403532763532763 0.2064544721998388 0.023333333333333334
1 0.501966156325544 0.6555783475783475 0.6878444802578566 0.05795156695156695
0 0.3711522965350524 0.6703589743589744 0.420334407735697 0.022977207977207977
2 0.8114867042707493 0.7862763532763533 0.052759871071716355 0.019572649572649575
3 0.3196051571313457 0.7880056980056981 0.32313053988718776 0.027196581196581193
1 0.5022240128928284 0.802045584045584 0.6942546333601934 0.05527635327635328
0 0.3710193392425463 0.8171623931623931 0.423013698630137 0.023056980056980057
2 0.8127397260273973 0.85202849002849 0.05821514907332796 0.01993162393162393
3 0.36910153102336823 0.8523162393162393 0.4162288477034649 0.024666666666666667
1 0.5041337630942788 0.8672991452991452 0.6921837228041902 0.05255555555555556
0 0.37064867042707494 0.8808062678062678 0.4281587429492345 0.02335897435897436
2 0.8107896857373087 0.9177350427350427 0.05431103948428687 0.020196581196581197
3 0.2693553585817889 0.9181937321937322 0.22851329572925058 0.025276353276353275
1 0.5010314262691378 0.9343276353276353 0.6918694601128123 0.05545868945868946
0 0.3722360999194198 0.9500484330484331 0.42544319097502015 0.028612535612535614
2 0.8127880741337631 0.2320911680911681 0.058307816277195806 0.022854700854700854
3 0.2798952457695407 0.2323076923076923 0.23782030620467365 0.02329059829059829
1 0.5017365028203061 0.24423931623931625 0.6903344077356971 0.05339316239316239
0 0.37413779210314263 0.26114529914529916 0.42630136986301365 0.020589743589743588