3 0.04523771152296535 0.06684615384615385 0.05682111200644641 0.003951566951566951
3 0.17151893634165993 0.06699145299145298 0.047010475423045935 0.0035925925925925925
2 0.14114826752618856 0.0670911680911681 0.0035938759065269944 0.003188034188034188
2 0.269576954069299 0.06743589743589744 0.009218372280419017 0.003638176638176638
1 0.08025785656728444 0.06956980056980057 0.12844077356970185 0.0097008547008547
1 0.2121514907332796 0.07672649572649573 0.12825543916196616 0.024011396011396013
3 0.04918211120064464 0.07898575498575498 0.06516921837228042 0.0039031339031339028
2 0.14012087026591458 0.07907407407407407 0.005749395648670427 0.0040826210826210825
1 0.0798952457695407 0.08641595441595441 0.1263859790491539 0.019475783475783475
3 0.17527800161160356 0.09535897435897435 0.05315068493150685 0.004213675213675213
2 0.270245769540693 0.09624216524216524 0.009556809024979854 0.003945868945868946
3 0.03527397260273973 0.10036182336182335 0.03826752618855762 0.0044928774928774924
2 0.13729250604351328 0.10046438746438746 0.010773569701853343 0.0039002849002849
1 0.07993553585817889 0.10258974358974358 0.1264665592264303 0.009142450142450144
1 0.2122925060435133 0.10542165242165241 0.12752618855761483 0.02507977207977208
2 0.14079371474617244 0.11136467236467236 0.005773569701853344 0.004128205128205128
3 0.034947622884770345 0.1115042735042735 0.037618855761482675 0.0037464387464387467
1 0.0802699435938759 0.11406267806267807 0.12912570507655116 0.01004843304843305
3 0.03585414987912973 0.12286894586894587 0.03943190975020145 0.004096866096866097
2 0.14022159548751006 0.12349002849002849 0.006128122481869461 0.0036153846153846154
3 0.18768331990330378 0.12376353276353277 0.07888396454472199 0.0036125356125356126
2 0.2702739726027397 0.12400854700854701 0.010112812248186947 0.005008547008547008
1 0.08047945205479452 0.13037891737891738 0.12755439161966156 0.01876068376068376
1 0.21267123287671233 0.13072649572649572 0.13002417405318292 0.01952706552706553
3 0.045241740531829173 0.14406552706552708 0.05774778404512491 0.00366951566951567
2 0.14024576954069298 0.14417663817663817 0.005676873489121676 0.0036011396011396014
3 0.16056406124093472 0.1475071225071225 0.025104754230459308 0.004068376068376068
2 0.2703384367445609 0.14832193732193732 0.010745366639806608 0.003754985754985755
1 0.08005237711522965 0.1517720797720798 0.12802175664786464 0.018452991452991452
1 0.21283642224012891 0.15468091168091166 0.1294883158742949 0.018683760683760684
3 0.04686140209508461 0.1651082621082621 0.06052780016116035 0.003917378917378918
2 0.1366559226430298 0.16515669515669518 0.005999194198227236 0.0038233618233618235
3 0.17455680902497986 0.17063817663817665 0.052171635777598716 0.003948717948717949
1 0.07877518130539887 0.1707037037037037 0.12480660757453665 0.014991452991452991
2 0.270447219983884 0.17122507122507122 0.009959709911361804 0.004638176638176638
1 0.21263900080580175 0.17795441595441597 0.12908944399677677 0.01956125356125356
3 0.03796132151490733 0.1879002849002849 0.04410556003223207 0.01382051282051282
2 0.13964141821112006 0.18816524216524216 0.006470588235294117 0.003857549857549857
3 0.16658340048348105 0.19696581196581198 0.036224818694601126 0.0034102564102564104
2 0.2707292506043513 0.19731908831908831 0.0095245769540693 0.004478632478632479
1 0.07949234488315875 0.19745299145299144 0.12810636583400484 0.03426495726495726
1 0.21257453666398066 0.20439601139601138 0.12896051571313455 0.019293447293447293