2 0.37672844480257855 0.34192592592592597 0.04225624496373892 0.012005698005698007
1 0.280201450443191 0.3421139601139601 0.24460918614020952 0.0174017094017094
3 0.19891619661563253 0.3427150997150997 0.07715551974214344 0.013584045584045584
2 0.37637792103142625 0.3624957264957265 0.04662369057211926 0.011307692307692307
3 0.19492747784045125 0.3635726495726496 0.0700201450443191 0.01286039886039886
1 0.28139403706688154 0.3637492877492877 0.24418211120064462 0.014894586894586895
2 0.3762570507655117 0.3826296296296296 0.04469379532634972 0.012125356125356127
3 0.1904109589041096 0.38361538461538464 0.05761079774375504 0.012897435897435899
1 0.2809991941982273 0.38381766381766386 0.24339645447219985 0.018202279202279202
1 0.2795205479452055 0.40254985754985756 0.24514101531023372 0.021957264957264955
3 0.18443593875906525 0.40295726495726497 0.04650282030620467 0.011535612535612536
2 0.3772683319903304 0.40333048433048435 0.04248992747784045 0.011686609686609688
2 0.3767969379532635 0.21540170940170938 0.04154713940370669 0.011196581196581196
3 0.20246978243352134 0.21591737891737892 0.07834407735697019 0.01401994301994302
1 0.28006849315068494 0.2161025641025641 0.24153505237711523 0.02017094017094017
2 0.37684528605962936 0.23375498575498577 0.04418211120064464 0.012039886039886039
3 0.19743755036261082 0.23464102564102565 0.06912570507655116 0.012618233618233618
1 0.28153505237711524 0.23596011396011396 0.24165189363416598 0.018082621082621084
1 0.2818009669621273 0.2508262108262108 0.2435898468976632 0.014968660968660969
2 0.3779411764705882 0.25104843304843305 0.04298952457695407 0.011962962962962963
3 0.20936341659951652 0.25200284900284897 0.0946696212731668 0.012076923076923077
2 0.3816035455278002 0.26918233618233617 0.04439967767929089 0.011766381766381765
3 0.23358581788879934 0.2692621082621083 0.14141821112006447 0.013122507122507123
1 0.28436744560838034 0.26974928774928775 0.24872280419016923 0.018980056980056982