3 0.07437147461724417 0.0539002849002849 0.03335616438356165 0.0040997150997151
3 0.14300161160354552 0.0567008547008547 0.029560838033843677 0.010358974358974359
1 0.07393634165995165 0.05897435897435897 0.0361361804995971 0.014977207977207977
1 0.14383964544721997 0.06068376068376068 0.0316116035455278 0.019612535612535613
2 0.07961321514907332 0.06385754985754985 0.02053988718775181 0.005119658119658119
2 0.14903706688154714 0.06785470085470086 0.018017727639000804 0.004763532763532763
3 0.06987912973408542 0.07533333333333334 0.024375503626107978 0.003683760683760684
3 0.14134971796937953 0.07678062678062678 0.026877518130539884 0.004162393162393163
1 0.07246575342465754 0.08065242165242165 0.031893634165995166 0.016905982905982907
1 0.14104754230459307 0.08133048433048434 0.034210314262691374 0.013997150997150997
2 0.07786059629331185 0.08564672364672365 0.017034649476228847 0.004096866096866097
2 0.14713537469782434 0.08581766381766383 0.019810636583400484 0.004877492877492878
3 0.07034246575342466 0.09625071225071224 0.027163577759871074 0.004213675213675213
3 0.142522159548751 0.09661253561253562 0.01958501208702659 0.0038404558404558408
1 0.07056809024979856 0.10037606837606837 0.033271555197421435 0.01431054131054131
1 0.14401692183722803 0.10139316239316239 0.03153505237711523 0.013905982905982906
2 0.07694601128122482 0.10490598290598291 0.02017324738114424 0.004606837606837607
2 0.15001611603545525 0.10536752136752137 0.01935535858178888 0.005091168091168091
3 0.1373368251410153 0.12045584045584046 0.025064464141821112 0.010002849002849003
3 0.07006849315068493 0.12078062678062677 0.0315914585012087 0.010210826210826212
1 0.1416559226430298 0.12503133903133903 0.03499597099113618 0.019754985754985757
1 0.06902497985495568 0.12606552706552707 0.03363013698630137 0.021210826210826213
2 0.14833601933924256 0.13238746438746438 0.02127719580983078 0.0050826210826210826
2 0.0753303787268332 0.1338148148148148 0.021015310233682513 0.004623931623931624
3 0.06524174053182917 0.1471823361823362 0.02410556003223207 0.003914529914529914
3 0.13870265914585012 0.14769800569800567 0.025310233682514102 0.003512820512820513
1 0.06755439161966156 0.15194017094017093 0.030688960515713137 0.01386039886039886
1 0.14049959709911364 0.1530826210826211 0.030531829170024175 0.014316239316239316
2 0.07342465753424658 0.1564159544159544 0.018102336825141015 0.004586894586894587
2 0.14707091055600321 0.15779202279202278 0.018126510878323933 0.0044843304843304845