3 0.11090249798549556 0.289977207977208 0.180334407735697 0.009492877492877493
2 0.5725382755842062 0.2912934472934473 0.01945205479452055 0.00972079772079772
1 0.3029411764705882 0.30086039886039884 0.5644077356970185 0.033666666666666664
0 0.25541901692183727 0.3067378917378918 0.4676631748589847 0.019566951566951568
2 0.5716559226430298 0.32284900284900286 0.021083803384367446 0.009042735042735043
3 0.09238920225624496 0.32355840455840457 0.13990330378726834 0.011666666666666667
1 0.3038638195004029 0.3292051282051282 0.5628485092667204 0.02296011396011396
0 0.26848106365834007 0.3339344729344729 0.4937832393231265 0.009552706552706553
3 0.0685334407735697 0.3663874643874644 0.09048751007252216 0.00947008547008547
2 0.5732876712328767 0.36672079772079774 0.019238517324738115 0.010133903133903135
1 0.3054955680902498 0.3703133903133903 0.5695165189363417 0.020928774928774926
0 0.2321958098307816 0.37715669515669514 0.42292103142626913 0.011752136752136752
3 0.0768372280419017 0.3888974358974359 0.10879532634971796 0.009957264957264959
2 0.5734568896051571 0.38898005698005694 0.01958098307816277 0.010125356125356125
1 0.30375503626107975 0.394031339031339 0.5711482675261885 0.022635327635327634
0 0.2731990330378727 0.40016239316239316 0.5049234488315875 0.00841880341880342
2 0.5719057211925866 0.41050997150997154 0.018182917002417406 0.009854700854700856
3 0.06098710717163578 0.41082621082621085 0.07879935535858179 0.008085470085470085
1 0.302522159548751 0.4155014245014245 0.5669742143432716 0.02104273504273504
0 0.2844157937147462 0.4225555555555556 0.523952457695407 0.009877492877492879
2 0.5737187751813054 0.45613675213675214 0.021804995970991135 0.009643874643874645
3 0.08135777598710718 0.45629059829059826 0.11954472199838839 0.009954415954415954
1 0.30530620467365027 0.46074928774928775 0.5691377921031426 0.022484330484330486
0 0.14048751007252216 0.4668746438746439 0.2395004029008864 0.010660968660968662
2 0.5734407735697018 0.4794529914529915 0.021253021756647866 0.00813960113960114
3 0.10101531023368251 0.4799230769230769 0.15715551974214342 0.011487179487179488
1 0.30546736502820304 0.48429629629629634 0.5694601128122482 0.023840455840455844
0 0.19015310233682514 0.4906353276353277 0.3354311039484287 0.010042735042735043
2 0.5733118452860596 0.5032022792022792 0.01929089443996777 0.009900284900284901
3 0.09996373892022563 0.5032763532763532 0.15675261885576147 0.01004843304843305
1 0.30302578565672844 0.5082165242165242 0.5713859790491539 0.023544159544159546
0 0.1507252215954875 0.5136695156695157 0.25827961321514903 0.010378917378917378
2 0.5777115229653506 0.05446438746438746 0.016172441579371474 0.00903988603988604
3 0.09146655922643031 0.05482051282051282 0.13975825946817083 0.010951566951566951
1 0.30595890410958904 0.05908262108262108 0.5670427074939566 0.020683760683760682
0 0.19612409347300563 0.06503133903133902 0.34901692183722804 0.00984900284900285
2 0.5731869460112813 0.0752991452991453 0.01734085414987913 0.009789173789173789
3 0.06990330378726833 0.0763019943019943 0.09662771958098308 0.010592592592592593
1 0.3030096696212732 0.08061823361823363 0.573058017727639 0.021626780626780626
0 0.191651893634166 0.08637606837606837 0.34006849315068494 0.010507122507122508
3 0.08139000805801773 0.09929629629629629 0.12130539887187751 0.01205128205128205
2 0.5728404512489927 0.09945584045584045 0.018348106365834005 0.011165242165242164
1 0.3041579371474617 0.10332763532763532 0.5719460112812248 0.023723646723646723
0 0.07031829170024174 0.10969230769230769 0.10096696212731668 0.009225071225071225
3 0.076116035455278 0.12237891737891739 0.10905721192586625 0.010071225071225072
2 0.5736865431103949 0.12271225071225073 0.020036261079774374 0.009535612535612536
1 0.3051087832393231 0.12776068376068375 0.5704431909750202 0.026851851851851852
0 0.21523368251410155 0.13392022792022792 0.38604754230459304 0.013125356125356126
2 0.5723126510878324 0.14713390313390315 0.022397260273972604 0.011444444444444445
3 0.0905157131345689 0.14714529914529914 0.13615229653505237 0.010264957264957266
1 0.303013698630137 0.15245299145299146 0.5645527800161161 0.023287749287749286
0 0.24027397260273972 0.15754985754985754 0.44087832393231263 0.010786324786324786
2 0.5733722804190169 0.17037037037037037 0.017715551974214344 0.009774928774928776
3 0.09585012087026591 0.17166951566951566 0.14512087026591458 0.011173789173789174
1 0.3025624496373892 0.17587464387464388 0.5653545527800161 0.024396011396011396
0 0.2067727639000806 0.18116524216524216 0.3679331184528606 0.00841880341880342
2 0.5740894439967769 0.19140740740740741 0.022546333601933925 0.008524216524216525
3 0.07063255439161967 0.19182621082621082 0.09809024979854956 0.010566951566951567
1 0.30344077356970184 0.19843019943019943 0.5671152296535052 0.022572649572649574
0 0.15382755842062854 0.20314245014245014 0.2610757453666398 0.010333333333333335
3 0.08666398066075745 0.21380626780626782 0.13015713134568896 0.009994301994301994
2 0.5730096696212732 0.21404273504273502 0.01869057211925866 0.011675213675213675
1 0.3028686543110395 0.21975783475783475 0.5659629331184529 0.020695156695156695
0 0.2557735697018534 0.2246125356125356 0.4683763094278807 0.012356125356125356
2 0.5722925060435133 0.2356239316239316 0.020660757453666398 0.01150997150997151
3 0.06967767929089444 0.23602849002849005 0.09618049959709911 0.011113960113960113
1 0.3020346494762288 0.241988603988604 0.5659991941982272 0.023800569800569802
0 0.2551853344077357 0.24773789173789174 0.4654955680902498 0.01286894586894587