3 0.04846494762288477 0.032706552706552705 0.07625705076551169 0.009868945868945869
2 0.2141539081385979 0.03285754985754986 0.03424254633360193 0.007823361823361824
1 0.12080983078162773 0.03294586894586895 0.22358178887993552 0.012658119658119658
1 0.12148267526188557 0.04475498575498576 0.224041095890411 0.0105982905982906
3 0.05321917808219178 0.04506837606837607 0.08576954069298952 0.009555555555555555
2 0.21428686543110395 0.0451025641025641 0.03506043513295729 0.00766951566951567
1 0.12073730862207897 0.05706267806267806 0.2247058823529412 0.013008547008547007
2 0.21396051571313454 0.057319088319088315 0.03385576148267526 0.008242165242165242
3 0.06088235294117648 0.05782336182336183 0.09943593875906527 0.009643874643874645
2 0.21414585012087026 0.0698034188034188 0.0353303787268332 0.008566951566951567
1 0.12164786462530218 0.06984045584045584 0.2255398871877518 0.011877492877492877
3 0.08241337630942788 0.07006267806267806 0.14249798549556808 0.00947863247863248
1 0.12240128928283643 0.08166096866096866 0.2258017727639001 0.012658119658119658
2 0.2142586623690572 0.0824017094017094 0.03500402900886382 0.008336182336182336
3 0.09159548751007253 0.08266666666666668 0.16197018533440774 0.009652421652421653
1 0.12127316680096696 0.09433333333333334 0.22451651893634167 0.01298860398860399
2 0.2138074133763094 0.09435897435897436 0.034653505237711525 0.00878062678062678
3 0.06892425463336019 0.09484045584045583 0.11551571313456889 0.010133903133903135
2 0.2141700241740532 0.10703703703703703 0.034274778404512485 0.008321937321937322
3 0.07062449637389202 0.10709401709401709 0.11892022562449639 0.009606837606837606
1 0.12059226430298146 0.11056410256410255 0.225 0.018105413105413106
0 0.10070910556003224 0.1158974358974359 0.1813013698630137 0.0060911680911680905
2 0.21421434327155517 0.12767521367521367 0.03436341659951652 0.009307692307692308
3 0.05902497985495568 0.1277008547008547 0.0973771152296535 0.010532763532763532
1 0.1212006446414182 0.13527350427350426 0.22436744560838034 0.027555555555555555
0 0.09045930701047543 0.14003133903133902 0.16079774375503628 0.01406837606837607
3 0.07043916196615634 0.15572364672364672 0.12076148267526189 0.007903133903133902
2 0.21775987107171638 0.15604558404558405 0.028726833199033037 0.008549857549857551
1 0.12183722804190168 0.16892592592592592 0.22475423045930704 0.035988603988603984
0 0.10290088638195004 0.17220227920227918 0.1840249798549557 0.02247863247863248
2 0.2173529411764706 0.2002820512820513 0.027917002417405322 0.008225071225071226
1 0.12070104754230458 0.20075498575498574 0.22424657534246578 0.011968660968660968
3 0.06235697018533441 0.2012022792022792 0.1034931506849315 0.009282051282051281
2 0.21716357775987108 0.21358404558404556 0.027534246575342466 0.009014245014245014
3 0.08778001611603546 0.21386894586894586 0.15323126510878324 0.010367521367521367
1 0.12115229653505237 0.2171965811965812 0.22514907332796133 0.020430199430199428
0 0.11876712328767122 0.22282051282051282 0.21686543110394843 0.007535612535612536
2 0.21386381950040287 0.23383475783475782 0.03531829170024174 0.009225071225071225
3 0.09798146655922643 0.2343988603988604 0.17474214343271555 0.01035042735042735
1 0.1209508460918614 0.24225071225071224 0.2238638195004029 0.028575498575498574
0 0.10367042707493956 0.24749287749287752 0.18666800966962127 0.015806267806267805
2 0.1970588235294118 0.2705584045584046 0.028815471394037066 0.009917378917378919
3 0.09122078968573731 0.27082621082621083 0.1612207896857373 0.009666666666666667
1 0.11863013698630137 0.2745071225071225 0.21825946817082997 0.019646723646723645
0 0.11821917808219179 0.28056695156695155 0.21521756647864623 0.007638176638176637