2 0.23856567284448027 0.07276353276353277 0.013062046736502821 0.005051282051282051
3 0.16165995165189365 0.07313675213675214 0.12028203062046737 0.005427350427350428
1 0.18283239323126513 0.0753048433048433 0.16519339242546333 0.011102564102564102
0 0.1817727639000806 0.07825356125356125 0.15945205479452054 0.0041709401709401715
2 0.24991539081385977 0.08667521367521368 0.011647864625302175 0.006185185185185185
3 0.16810636583400485 0.08684900284900285 0.1326430298146656 0.004313390313390314
1 0.20370668815471396 0.09347293447293446 0.2059951651893634 0.020068376068376068
0 0.20286462530217567 0.09585470085470085 0.20163980660757455 0.012686609686609687
2 0.2135616438356164 0.13404843304843306 0.014943593875906528 0.006048433048433048
3 0.14927074939564866 0.13454415954415955 0.09549959709911361 0.005185185185185185
1 0.19030620467365028 0.13666381766381766 0.17730459307010474 0.01166096866096866
0 0.19006446414182113 0.13970655270655272 0.1765672844480258 0.0040227920227920225
2 0.1984931506849315 0.14816524216524216 0.012062852538275584 0.006116809116809116
3 0.14214343271555197 0.14848433048433046 0.08019339242546333 0.004527065527065527
1 0.17487912973408543 0.150988603988604 0.1455116841257051 0.012333333333333333
0 0.17354955680902498 0.15307692307692305 0.14405721192586624 0.00445014245014245
2 0.22937953263497182 0.16197435897435897 0.013557614826752619 0.005561253561253561
3 0.1575020145044319 0.1626923076923077 0.11143432715551974 0.005518518518518519
1 0.1908662369057212 0.1666894586894587 0.18031829170024175 0.014974358974358976
0 0.1898952457695407 0.16964102564102565 0.17779613215149073 0.007925925925925927
2 0.21993553585817888 0.1803048433048433 0.01248589846897663 0.004792022792022792
3 0.15256647864625303 0.18089173789173787 0.10104351329572925 0.004854700854700854
1 0.17666398066075747 0.18509116809116807 0.15096696212731667 0.015065527065527067
0 0.17633360193392428 0.18767521367521367 0.14910153102336826 0.008037037037037037
2 0.1716559226430298 0.223014245014245 0.008182917002417404 0.004962962962962963
3 0.13005640612409347 0.2236039886039886 0.05602336825141016 0.004658119658119658
1 0.17945608380338438 0.22806552706552707 0.15844480257856566 0.016242165242165242
0 0.17893634165995165 0.23066096866096866 0.15535455278001611 0.008763532763532764
2 0.17422643029814666 0.24126780626780628 0.008605962933118452 0.005142450142450143
3 0.13079371474617243 0.24163817663817663 0.05854552780016116 0.005515669515669516
1 0.1464423851732474 0.24347008547008547 0.09335616438356165 0.01166951566951567
0 0.14707091055600321 0.24675783475783475 0.09057211925866238 0.004632478632478633
2 0.1859951651893634 0.25533048433048433 0.009081385979049153 0.0047293447293447295
3 0.13674858984689767 0.2556752136752137 0.06992747784045125 0.004675213675213675
1 0.14690572119258663 0.2581339031339031 0.09334407735697019 0.012296296296296295
0 0.12566881547139405 0.26082905982905985 0.04829170024174053 0.0049743589743589745