2 0.43904109589041096 0.03304273504273504 0.007369057211925866 0.0037264957264957267
1 0.3851651893634166 0.0330997150997151 0.11580983078162772 0.004207977207977208
3 0.34532232070910557 0.03319088319088319 0.03437147461724416 0.003239316239316239
3 0.18738920225624497 0.033663817663817666 0.03645447219983884 0.003373219373219373
2 0.29038678485092667 0.03379202279202279 0.01634971796937953 0.00366951566951567
1 0.23428283642224013 0.0371937321937322 0.13054391619661562 0.011176638176638175
0 0.23191377921031428 0.03933048433048433 0.12629331184528605 0.007501424501424501
3 0.34363013698630135 0.039760683760683764 0.030987107171635775 0.003700854700854701
2 0.44067687348912166 0.03978632478632479 0.012107171635777599 0.004011396011396011
1 0.38711925866236907 0.04022507122507123 0.11971796937953263 0.005282051282051282
2 0.44070104754230455 0.046122507122507116 0.01178887993553586 0.0032307692307692306
3 0.3564746172441579 0.04634757834757835 0.05668412570507655 0.0031595441595441594
1 0.3869621273166801 0.04647863247863247 0.11905721192586624 0.00411965811965812
2 0.2910757453666398 0.04742450142450143 0.01590249798549557 0.004282051282051282
3 0.19240934730056405 0.047547008547008544 0.04735294117647059 0.0031025641025641025
1 0.23369460112812246 0.051207977207977214 0.13178485092667203 0.011868945868945867
2 0.4379089443996777 0.0531025641025641 0.00766720386784851 0.0038233618233618235
3 0.35515713134568894 0.05326210826210826 0.054774375503626106 0.003532763532763533
0 0.22563658340048348 0.0533048433048433 0.1137389202256245 0.006982905982905983
1 0.38458098307816274 0.05334188034188034 0.11498791297340853 0.004911680911680911
2 0.14013698630136986 0.05851566951566951 0.0067767929089444 0.0034330484330484332
3 0.04522562449637389 0.05860683760683761 0.04727639000805802 0.0033076923076923075
2 0.4408742949234488 0.05956125356125356 0.011406124093473006 0.0031965811965811966
3 0.3431869460112812 0.05957264957264957 0.030834004834810635 0.003478632478632479
1 0.38769540692989524 0.05991452991452992 0.12052780016116034 0.004632478632478633
1 0.08279613215149073 0.060564102564102565 0.12336019339242546 0.0076410256410256415
2 0.2910556003223207 0.06151282051282051 0.01659548751007252 0.0037321937321937323
3 0.18747381144238517 0.061564102564102566 0.03747381144238517 0.002997150997150997
0 0.050362610797743755 0.06255555555555556 0.05704270749395649 0.004008547008547009
1 0.23356567284448027 0.06523361823361823 0.13152699435938758 0.011122507122507123
2 0.43986704270749394 0.06632478632478633 0.008650282030620467 0.0040427350427350425
3 0.34863819500402904 0.0663960113960114 0.04136986301369863 0.00366951566951567
0 0.22213940370668817 0.06692592592592593 0.10710717163577758 0.0067977207977207976
1 0.38639806607574534 0.06799715099715099 0.11758662369057213 0.007860398860398861
2 0.1439927477840451 0.06892877492877493 0.014488315874294925 0.004074074074074075
3 0.042232070910556 0.06912250712250713 0.04161563255439162 0.003638176638176638
0 0.37180499597099115 0.069994301994302 0.08807010475423047 0.0031025641025641025
1 0.08629734085414988 0.07258119658119658 0.13001611603545526 0.011905982905982906
0 0.07125705076551168 0.0748062678062678 0.09956083803384368 0.007031339031339031
3 0.18807010475423047 0.07545584045584046 0.03748186946011281 0.00349002849002849
2 0.44129331184528603 0.07601424501424502 0.01186946011281225 0.003754985754985755
3 0.35206688154713944 0.07633048433048434 0.04969782433521353 0.003353276353276353
1 0.23420628525382753 0.07736752136752137 0.13072925060435134 0.008786324786324786
1 0.3863456889605157 0.07772649572649573 0.12024174053182916 0.007307692307692308
0 0.22816277195809828 0.07923076923076924 0.11879532634971798 0.0034615384615384616
0 0.3467002417405318 0.07973219373219374 0.03858984689766318 0.003427350427350427
2 0.14413779210314262 0.08283190883190883 0.014049153908138597 0.003418803418803419
3 0.05800564061240935 0.08323076923076923 0.07284850926672039 0.003492877492877493
1 0.08675664786462531 0.08497720797720797 0.13093473005640613 0.007655270655270656
2 0.29103948428686544 0.08573219373219373 0.015096696212731667 0.004045584045584046
3 0.18853746978243352 0.08595156695156696 0.038416599516518934 0.0034216524216524216
3 0.3493916196615633 0.08608262108262107 0.04397663174858985 0.003452991452991453
2 0.4428485092667204 0.08637321937321937 0.013521353746978245 0.004287749287749288
0 0.05985898468976632 0.08692592592592593 0.07713134568896052 0.0030626780626780625
1 0.23363013698630136 0.08752136752136752 0.13061643835616438 0.0073760683760683765
1 0.3881668009669621 0.08955270655270654 0.12215954875100725 0.011433048433048433
0 0.21690169218372282 0.08973789173789175 0.09516921837228043 0.0032564102564102563
0 0.3789242546333602 0.0912051282051282 0.10195004029008864 0.00645014245014245
3 0.04579371474617244 0.09359544159544159 0.04894842868654311 0.0036666666666666666
2 0.14381144238517324 0.09401709401709402 0.015225624496373892 0.0043076923076923075
1 0.08679290894439967 0.09705413105413106 0.13134971796937953 0.011307692307692307
0 0.08675664786462531 0.099002849002849 0.1305600322320709 0.006521367521367521
3 0.3516478646253022 0.09959544159544159 0.04775987107171636 0.0033048433048433047
2 0.4431466559226431 0.09975783475783476 0.01411764705882353 0.004404558404558404
2 0.2918009669621273 0.10071509971509972 0.013690572119258662 0.003472934472934473
1 0.234552780016116 0.10090313390313391 0.13211925866236907 0.004116809116809117
3 0.18969782433521354 0.1011082621082621 0.04210314262691378 0.003646723646723647
1 0.38931103948428686 0.10304273504273505 0.12375503626107978 0.011327635327635328
0 0.37809427880741336 0.10473504273504274 0.09881547139403707 0.007373219373219373
2 0.2915511684125705 0.10551282051282052 0.013565672844480259 0.003239316239316239
3 0.18042304593070105 0.1056894586894587 0.022900886381950043 0.00347008547008547
1 0.23430701047542302 0.10576353276353277 0.13196615632554393 0.004319088319088319
2 0.1426672038678485 0.10754131054131055 0.015866236905721195 0.003413105413105413
3 0.043203062046736504 0.10774358974358975 0.04381950040290089 0.003427350427350427
2 0.29209508460918615 0.11031908831908832 0.013186946011281224 0.003017094017094017
3 0.1903666398066076 0.11045014245014245 0.04325946817082998 0.0035555555555555557
1 0.23393231265108783 0.11074074074074074 0.130535858178888 0.0037806267806267807
1 0.08609991941982272 0.11093447293447294 0.13099919419822723 0.011245014245014244
0 0.0819218372280419 0.11303703703703703 0.12052780016116034 0.006638176638176638
2 0.2920024174053183 0.11506837606837607 0.013364222401289283 0.0031965811965811966
3 0.18042707493956486 0.11535327635327634 0.02361804995970991 0.0034216524216524216
1 0.23372280419016922 0.11546723646723647 0.13114826752618855 0.003957264957264958
3 0.04215149073327962 0.12167236467236467 0.04215551974214343 0.004122507122507123
2 0.14327155519742144 0.12187464387464386 0.01524174053182917 0.004387464387464388
1 0.08622884770346495 0.12544444444444444 0.13125705076551167 0.012199430199430199
0 0.0861563255439162 0.1275897435897436 0.12936744560838032 0.006763532763532763
3 0.05103142626913779 0.13616809116809117 0.05883158742949235 0.0033703703703703704
2 0.144218372280419 0.13635042735042735 0.015676873489121675 0.0041025641025641026
1 0.08680499597099113 0.1397977207977208 0.13137389202256244 0.012102564102564101
0 0.07553988718775181 0.14161253561253562 0.10776390008058019 0.007638176638176637
2 0.14341659951651892 0.15007122507122508 0.014439967767929092 0.003339031339031339
3 0.04039081385979049 0.15052421652421652 0.038847703464947626 0.00354985754985755
3 0.18188960515713135 0.1514786324786325 0.01806204673650282 0.0036011396011396014
2 0.2907252215954875 0.1516923076923077 0.014834810636583401 0.003991452991452991
1 0.23538275584206286 0.1531054131054131 0.12618855761482675 0.007726495726495727
1 0.08587429492344882 0.15443874643874644 0.13089443996776792 0.012344729344729344
0 0.19513295729250604 0.1553133903133903 0.04504431909750201 0.00347008547008547
0 0.07030620467365029 0.1561908831908832 0.09839645447219984 0.00703988603988604
2 0.44462127316680095 0.1594045584045584 0.011579371474617243 0.0038888888888888888
3 0.3470829975825947 0.15952706552706555 0.0444842868654311 0.0033589743589743587
3 0.18715954875100724 0.16177207977207977 0.028791297340854147 0.003319088319088319
2 0.2895568090249798 0.16205982905982907 0.014693795326349717 0.004025641025641026
1 0.38798952457695407 0.16267521367521368 0.12663577759871072 0.010515669515669514
1 0.23534649476228847 0.16345299145299147 0.126116035455278 0.007672364672364673
0 0.37962933118452863 0.1643960113960114 0.11031023368251411 0.0068860398860398865
2 0.14462127316680096 0.16495441595441596 0.015016116035455279 0.0038660968660968664
3 0.049689766317485895 0.16504558404558403 0.05614826752618856 0.003606837606837607
0 0.1937026591458501 0.16545299145299144 0.04182111200644641 0.003566951566951567
1 0.08692586623690572 0.16773219373219372 0.13196615632554393 0.010133903133903135
0 0.06250604351329572 0.16923931623931623 0.08170024174053182 0.0038945868945868944
3 0.18331990330378728 0.17220227920227918 0.021116035455278 0.0034415954415954416
2 0.29120870265914583 0.17245299145299145 0.013972602739726028 0.004113960113960114
3 0.3554351329572925 0.17322222222222222 0.06118855761482676 0.003837606837606838
2 0.4452578565672845 0.1732735042735043 0.011748589846897663 0.003937321937321938
1 0.23555600322320708 0.17409401709401712 0.12825141015310235 0.008210826210826212
2 0.144129734085415 0.1756210826210826 0.012207896857373087 0.00398005698005698
1 0.3884125705076551 0.1758176638176638 0.12678887993553586 0.009219373219373219
0 0.19912167606768735 0.1760883190883191 0.05229250604351329 0.0036210826210826214
3 0.04435535858178888 0.17626495726495728 0.04548348106365834 0.0037720797720797723
0 0.38064464141821114 0.17767521367521366 0.11234085414987913 0.00498005698005698
1 0.0860958904109589 0.17789173789173787 0.12995568090249798 0.00823931623931624
0 0.05927074939564868 0.18016809116809115 0.07559226430298147 0.0034957264957264957
3 0.19009266720386786 0.1824843304843305 0.034472199838839646 0.00366951566951567
2 0.29059226430298146 0.1828119658119658 0.012006446414182111 0.004384615384615384
1 0.23453666398066075 0.182997150997151 0.12414585012087026 0.005763532763532764
2 0.13166398066075746 0.1851937321937322 0.012522159548751006 0.005264957264957265
3 0.07190572119258662 0.18556980056980057 0.09151490733279613 0.0037692307692307695
1 0.08126913779210315 0.18587179487179487 0.1140894439967768 0.005897435897435898
3 0.36217969379532633 0.1864074074074074 0.07430701047542305 0.0038119658119658124
2 0.4446897663174859 0.18656125356125358 0.009520547945205479 0.004638176638176638
1 0.38744963738920224 0.18797720797720796 0.12659548751007252 0.007914529914529915
0 0.36634971796937954 0.190005698005698 0.08265511684125705 0.00350997150997151
3 0.19983078162771958 0.19304558404558406 0.05432312651087833 0.003108262108262108
1 0.23410556003223204 0.19482051282051283 0.1243190975020145 0.007202279202279203
2 0.445334407735697 0.1969116809116809 0.011539081385979049 0.0038632478632478636
3 0.3589927477840451 0.19698860398860396 0.06830378726833199 0.0034985754985754985
0 0.21907735697018532 0.196997150997151 0.09220789685737309 0.003774928774928775
1 0.3880942788074134 0.2002022792022792 0.12788074133763094 0.010886039886039886
0 0.3813255439161966 0.20187464387464388 0.11370265914585011 0.006025641025641025
2 0.4448630136986302 0.21065811965811965 0.010600322320709106 0.003925925925925926
3 0.3487912973408542 0.211002849002849 0.0482634971796938 0.0035783475783475785
1 0.38707493956486705 0.21397720797720796 0.12653505237711524 0.01037037037037037
0 0.3810112812248187 0.21589173789173788 0.11307413376309428 0.006629629629629629