2 0.3022804190169218 0.1279287749287749 0.01751007252215955 0.0057008547008547015
1 0.2429532634971797 0.12822792022792023 0.14345688960515712 0.007370370370370371
3 0.1865914585012087 0.1284985754985755 0.02747381144238517 0.004094017094017094
2 0.30232070910556 0.13613390313390314 0.01661966156325544 0.0056609686609686615
1 0.24321917808219176 0.13646438746438747 0.14243352135374698 0.006834757834757834
3 0.19135374697824334 0.13653561253561253 0.03748186946011281 0.005094017094017094
3 0.2041941982272361 0.14452706552706554 0.061712328767123285 0.004968660968660969
2 0.30236502820306205 0.14453561253561253 0.018654311039484287 0.004985754985754986
1 0.24249798549556809 0.14484900284900284 0.14099919419822723 0.007145299145299145
2 0.30187348912167605 0.15228205128205127 0.017183722804190168 0.0043760683760683755
3 0.1992747784045125 0.15273219373219374 0.05186946011281225 0.004586894586894587
1 0.24279613215149073 0.15276923076923077 0.1415874294923449 0.006527065527065527
2 0.302030620467365 0.16037321937321936 0.017014504431909747 0.004792022792022792
3 0.1969218372280419 0.16062678062678062 0.04765108783239323 0.004615384615384615
1 0.24157534246575343 0.16062678062678062 0.13992344883158744 0.006877492877492878
2 0.3020870265914585 0.16875783475783476 0.017610797743755038 0.004427350427350427
1 0.24203867848509267 0.16917378917378917 0.1408460918614021 0.006415954415954416
3 0.20561240934730055 0.16922222222222222 0.0655157131345689 0.005353276353276353
2 0.3021394037066881 0.17694017094017092 0.016748589846897664 0.005712250712250713
3 0.20176873489121677 0.17715384615384613 0.05637389202256245 0.005452991452991453
1 0.24209508460918613 0.17718233618233617 0.14096293311845287 0.0076210826210826215
2 0.3023730862207897 0.18505982905982904 0.018186946011281225 0.005162393162393163
3 0.18379532634971799 0.18507407407407409 0.022365028203062045 0.0045042735042735045
1 0.24363416599516521 0.18543019943019942 0.14171635777598712 0.0077578347578347575
1 0.24242546333601936 0.1928233618233618 0.14157534246575343 0.007735042735042734
2 0.30182917002417403 0.19313105413105414 0.0175825946817083 0.004854700854700854
3 0.1870467365028203 0.19367806267806267 0.0298348106365834 0.00492022792022792
2 0.30229250604351326 0.20136752136752137 0.017534246575342468 0.00488034188034188
1 0.24321917808219176 0.20147008547008546 0.14243352135374698 0.0062678062678062675
3 0.20089443996776793 0.2014900284900285 0.05607574536663981 0.004783475783475783
2 0.30195004029008865 0.20914814814814814 0.01685334407735697 0.005703703703703704
1 0.2425705076551168 0.2091851851851852 0.14035858178887994 0.007433048433048433
3 0.189665592264303 0.20921937321937323 0.03313859790491539 0.004478632478632479
1 0.24199435938759065 0.24223931623931624 0.14309427880741338 0.00935042735042735
2 0.30249395648670424 0.24242735042735042 0.015999194198227238 0.005786324786324786
3 0.18106365834004834 0.24284615384615385 0.017872683319903302 0.004908831908831909
3 0.1895850120870266 0.24984330484330486 0.03297743755036261 0.004165242165242165
1 0.24285656728444802 0.24996296296296297 0.1417082997582595 0.0072393162393162395
2 0.30247381144238517 0.2502250712250712 0.01693392425463336 0.004586894586894587
1 0.24251410153102335 0.2569601139601139 0.14102336825141015 0.007518518518518519
2 0.30285253827558417 0.25747293447293446 0.017203867848509267 0.005031339031339031
3 0.19753827558420628 0.2575811965811966 0.048883964544722 0.0042193732193732195
1 0.24261482675261883 0.2644501424501425 0.13967767929089445 0.0071396011396011394
2 0.30208299758259466 0.26477492877492875 0.01759871071716358 0.004905982905982906
3 0.18396051571313457 0.265019943019943 0.020761482675261886 0.004361823361823362
2 0.30215551974214344 0.27205413105413107 0.0167767929089444 0.004726495726495726
1 0.2412409347300564 0.2721652421652421 0.14080580177276392 0.007207977207977208
3 0.19369460112812248 0.27216809116809115 0.04313456889605157 0.004609686609686609