3 0.0708863819500403 0.28713675213675216 0.019302981466559226 0.004698005698005697
2 0.09269540692989524 0.28715954415954414 0.015596293311845286 0.005125356125356125
1 0.08176873489121676 0.28952136752136753 0.08843674456083804 0.010353276353276354
2 0.22892425463336022 0.28980056980056984 0.01812248186946011 0.00492022792022792
3 0.19065672844480258 0.2900541310541311 0.04890008058017728 0.004660968660968661
1 0.20310233682514103 0.2933048433048433 0.10823529411764705 0.012917378917378918
3 0.07124093473005641 0.2999544159544159 0.016796937953263497 0.004578347578347578
2 0.0922723609991942 0.30015669515669513 0.01523771152296535 0.005071225071225071
1 0.08150282030620468 0.30316524216524215 0.07729653505237712 0.01221082621082621
2 0.23005640612409348 0.3047749287749288 0.018932312651087833 0.004715099715099715
3 0.19060435132957293 0.304985754985755 0.051200644641418214 0.004606837606837607
1 0.20287671232876714 0.30833333333333335 0.10129734085414988 0.012125356125356127
2 0.0939242546333602 0.3150797720797721 0.014661563255439162 0.004760683760683761
3 0.07135374697824334 0.3152792022792023 0.021841257050765513 0.0045527065527065525
1 0.08142224012892829 0.31854415954415954 0.08067284448025785 0.012532763532763534
2 0.22455680902497988 0.3198005698005698 0.014721998388396454 0.004951566951566951
3 0.1919661563255439 0.31983760683760687 0.04000402900886382 0.004769230769230769
3 0.31309427880741336 0.32064387464387467 0.04901692183722804 0.005547008547008547
1 0.32306607574536667 0.32090883190883196 0.07207493956486703 0.00558974358974359
2 0.3501531023368252 0.32111965811965815 0.014782433521353746 0.004854700854700854
1 0.20248992747784045 0.323034188034188 0.0910958904109589 0.012757834757834758
1 0.3227034649476229 0.3281823361823362 0.05676470588235293 0.005541310541310541
2 0.34267929089443994 0.3282336182336182 0.014387590652699437 0.004264957264957265
3 0.3130378726833199 0.32824216524216526 0.03390813859790492 0.0045327635327635325
3 0.07111200644641419 0.3304928774928775 0.0374174053182917 0.004304843304843304
2 0.10224415793714746 0.3307037037037037 0.01482675261885576 0.004829059829059829
1 0.08000805801772765 0.332960113960114 0.09553988718775182 0.009703703703703704
3 0.19095890410958904 0.3349316239316239 0.04253827558420629 0.004849002849002849
2 0.22617647058823528 0.33496866096866096 0.018440773569701856 0.004447293447293447
3 0.3128323932312651 0.3353817663817664 0.05438759065269944 0.004424501424501424
1 0.3232433521353747 0.3354216524216524 0.07670829975825946 0.00543019943019943
2 0.35303787268331993 0.3354757834757835 0.01443593875906527 0.004319088319088319
1 0.2026228847703465 0.33803133903133903 0.08251410153102337 0.012316239316239316
3 0.3131627719580983 0.3423475783475784 0.05906124093473006 0.004723646723646723
2 0.35505237711522963 0.34247578347578345 0.015269943593875906 0.004555555555555556
1 0.32343674456083804 0.34285754985754985 0.08062852538275585 0.006544159544159544
2 0.09429089443996777 0.34762108262108266 0.018299758259468172 0.004393162393162393
3 0.06170427074939565 0.34764387464387464 0.03734891216760677 0.004139601139601139
2 0.22592264302981466 0.3495185185185185 0.017941176470588235 0.004760683760683761
3 0.31296535052377117 0.34960968660968667 0.04126510878323932 0.004669515669515669
2 0.34601933924254635 0.3496353276353276 0.014661563255439162 0.004467236467236467
1 0.32334004834810637 0.3496666666666666 0.06334407735697019 0.00556980056980057
3 0.19073730862207897 0.34985185185185186 0.04263094278807413 0.0045811965811965805
1 0.08009266720386785 0.35076068376068376 0.08495970991136181 0.011923076923076923
1 0.20197421434327156 0.3544985754985755 0.093593875906527 0.015233618233618233
1 0.322723609991942 0.3565498575498576 0.043239323126510874 0.005575498575498576
3 0.3130459307010475 0.3566666666666667 0.021877518130539887 0.00439031339031339
2 0.33629331184528605 0.3568005698005698 0.014713940370668817 0.004393162393162393
1 0.32308622078968574 0.3636723646723647 0.03924657534246575 0.006481481481481481
3 0.3134931506849315 0.36381196581196584 0.016881547139403708 0.004478632478632479
2 0.3339403706688155 0.3638205128205128 0.014367445608380337 0.004438746438746439
2 0.23057614826752618 0.3673247863247863 0.018521353746978244 0.005076923076923077
3 0.19058420628525383 0.36736467236467235 0.052232070910556 0.004575498575498575
1 0.2022078968573731 0.3715213675213675 0.09465753424657534 0.014672364672364673
3 0.19034246575342467 0.06777492877492877 0.02336019339242546 0.004894586894586894
3 0.07124899274778404 0.0679031339031339 0.018416599516518938 0.004774928774928775
2 0.2159750201450443 0.06792592592592592 0.01790894439967768 0.004948717948717949
2 0.09313859790491538 0.06793162393162393 0.015572119258662368 0.0048860398860398856
3 0.3132675261885576 0.06871794871794872 0.01964544721998388 0.004700854700854701
2 0.3367082997582595 0.06876353276353277 0.0175825946817083 0.004575498575498575
1 0.20216357775987107 0.07178632478632478 0.09102336825141015 0.01640740740740741
1 0.08267929089443997 0.0724957264957265 0.10323529411764706 0.015327635327635326
1 0.32512892828364226 0.07364387464387465 0.08106768734891218 0.01511965811965812
2 0.21974617244157935 0.08518518518518518 0.019633360193392423 0.0045128205128205125
3 0.1897945205479452 0.08541025641025642 0.032445608380338435 0.0062678062678062675
2 0.1014464141821112 0.08615669515669516 0.015161160354552781 0.0054643874643874645
3 0.07145044319097502 0.08621367521367522 0.03515310233682514 0.004851851851851852
2 0.34059629331184527 0.08644159544159545 0.017207896857373086 0.0045327635327635325
3 0.3129371474617244 0.08687179487179487 0.02755036261079774 0.0052193732193732195
1 0.20308622078968575 0.08951566951566951 0.08933118452860596 0.014760683760683761
1 0.09023368251410153 0.08962108262108262 0.09358178887993554 0.01455840455840456
1 0.32432715551974217 0.09154415954415954 0.0847703464947623 0.014233618233618234
2 0.09273972602739726 0.10133048433048433 0.015197421434327155 0.005273504273504274
3 0.07156325543916196 0.10166951566951567 0.01877921031426269 0.0045128205128205125
2 0.22080580177276388 0.10265527065527065 0.018364222401289283 0.004498575498575498
3 0.19030217566478647 0.10279202279202279 0.03452860596293312 0.005806267806267806
2 0.34233279613215145 0.1042905982905983 0.01806204673650282 0.004213675213675213
3 0.3128686543110395 0.10436182336182337 0.03089041095890411 0.004786324786324786
1 0.08242949234488316 0.10532763532763532 0.08563658340048348 0.013031339031339031
1 0.2021071716357776 0.10736752136752137 0.08089041095890412 0.015025641025641027
1 0.32522562449637393 0.10774928774928774 0.07536261079774376 0.013703703703703704
3 0.07134165995165188 0.11665242165242165 0.019141821112006446 0.004754985754985755
2 0.09382755842062852 0.1167008547008547 0.015435132957292506 0.00449002849002849
2 0.3467606768734891 0.11964387464387465 0.01759871071716358 0.0044643874643874645
3 0.31305801772763897 0.11974643874643874 0.03957695406929895 0.006019943019943019
2 0.2283239323126511 0.12018233618233617 0.018372280419016923 0.004598290598290598
3 0.18986301369863015 0.12020797720797721 0.049717969379532635 0.004669515669515669
1 0.08272360999194198 0.12222222222222222 0.09211925866236906 0.01597150997150997
1 0.32432312651087836 0.12423361823361824 0.08653505237711523 0.01456980056980057
1 0.20182514101531024 0.12440455840455841 0.10391216760676875 0.014495726495726497
2 0.09904109589041096 0.13482621082621082 0.015205479452054796 0.004760683760683761
3 0.07135374697824334 0.13493447293447294 0.030676873489121678 0.004772079772079772
2 0.34387187751813053 0.13731623931623932 0.01764705882352941 0.004615384615384615
3 0.31300966962127313 0.13745299145299145 0.034391619661563254 0.0048860398860398856
3 0.1902618855761483 0.13768376068376068 0.04007655116841257 0.004586894586894587
2 0.22370265914585014 0.1376894586894587 0.018344077356970186 0.004313390313390314
1 0.0827276390008058 0.13864102564102565 0.10392022562449638 0.012954415954415955
1 0.3248509266720387 0.14214529914529914 0.08228041901692183 0.01578917378917379
1 0.20246172441579371 0.1425099715099715 0.09752215954875101 0.014849002849002849
3 0.07012892828364223 0.1544074074074074 0.05152296535052377 0.004521367521367521
2 0.10959307010475422 0.15459829059829058 0.0178928283642224 0.004894586894586894
2 0.22587832393231264 0.15508262108262108 0.018331990330378727 0.004495726495726496
3 0.1902054794520548 0.15511965811965814 0.04344480257856567 0.004809116809116809
1 0.08089041095890412 0.15596011396011394 0.07842868654311039 0.01048148148148148
1 0.20311039484286866 0.16159259259259262 0.10176873489121677 0.017994301994301992
2 0.35161563255439165 0.1701766381766382 0.017707493956486707 0.004475783475783476
3 0.3131748589846898 0.1702820512820513 0.04998791297340854 0.004649572649572649
1 0.32385173247381144 0.1744843304843305 0.10327961321514906 0.016105413105413104
2 0.3384488315874295 0.18792022792022792 0.017856567284448024 0.004977207977207977
3 0.3132070910556003 0.18807407407407406 0.023001611603545528 0.004635327635327635
1 0.32521353746978243 0.1929031339031339 0.10836019339242546 0.01515954415954416
2 0.2160556003223207 0.19293732193732194 0.01758662369057212 0.004811965811965812
3 0.19095084609186141 0.1931965811965812 0.023513295729250604 0.0063561253561253556
2 0.09985092667203868 0.19395726495726495 0.016829170024174056 0.005136752136752137
3 0.06179290894439968 0.1943190883190883 0.048775181305398874 0.0048176638176638175
1 0.08121273166800967 0.19570940170940174 0.09027800161160354 0.01035042735042735
1 0.20207091055600324 0.19705698005698005 0.09084609186140209 0.015962962962962964
1 0.08127719580983078 0.20933333333333334 0.06328364222401289 0.008829059829059828
2 0.10490733279613215 0.20964387464387466 0.015306204673650283 0.0049829059829059824
3 0.07093473005640613 0.20969515669515668 0.04242546333601934 0.0050826210826210826
2 0.22248992747784047 0.21012535612535613 0.017852538275584206 0.004575498575498575
3 0.19085414987912974 0.21022792022792022 0.03616841257050765 0.004820512820512821
1 0.20246575342465753 0.21314529914529914 0.09045124899274778 0.011447293447293448
3 0.0710112812248187 0.21825356125356127 0.030523771152296538 0.004589743589743589
2 0.09841659951651895 0.21847008547008548 0.015410958904109588 0.0048176638176638175
1 0.32364625302175665 0.22232193732193734 0.07456083803384368 0.006037037037037038
3 0.32469782433521355 0.22255840455840453 0.07275987107171636 0.004487179487179487
1 0.08168412570507655 0.22320797720797722 0.09475423045930702 0.014897435897435897
3 0.19078968573730862 0.2251965811965812 0.03630942788074134 0.005028490028490028
2 0.22266317485898468 0.22534472934472935 0.01820709105560032 0.004515669515669516
1 0.202143432715552 0.22829344729344728 0.09570910556003223 0.012145299145299146
3 0.32439161966156327 0.23103418803418801 0.08071716357775988 0.0047777777777777775
1 0.3244439967767929 0.2310769230769231 0.08323932312651088 0.006037037037037038
3 0.07134165995165188 0.23593447293447292 0.016728444802578568 0.005675213675213676
2 0.09185737308622079 0.23616239316239315 0.015374697824335213 0.004561253561253561
1 0.32410556003223207 0.23949287749287748 0.09965753424657534 0.006609686609686609
3 0.32440773569701853 0.23964957264957265 0.0970870265914585 0.0047777777777777775
2 0.22034649476228846 0.24017948717948717 0.017933118452860594 0.004373219373219373
3 0.19082997582594682 0.24028205128205127 0.0323771152296535 0.004715099715099715
1 0.08158340048348106 0.2407749287749288 0.08924657534246574 0.016262108262108263
1 0.20279613215149073 0.24492592592592594 0.10054794520547945 0.015393162393162393
1 0.32407332796132154 0.25088034188034186 0.05713940370668815 0.01270940170940171
3 0.324129734085415 0.251011396011396 0.0544842868654311 0.010455840455840457
2 0.09572119258662369 0.2538262108262108 0.014867042707493956 0.004937321937321937
3 0.07081788879935537 0.2541424501424501 0.025318291700241743 0.004977207977207977
1 0.08156325543916197 0.2573076923076923 0.09038678485092667 0.01221937321937322
2 0.21742949234488315 0.2577037037037037 0.018879935535858178 0.005153846153846154
3 0.1907010475423046 0.2580968660968661 0.025958904109589044 0.006074074074074074
1 0.20178082191780822 0.26204273504273506 0.09521353746978244 0.015017094017094017
3 0.07114020950846092 0.26943589743589746 0.022219983883964543 0.0045128205128205125
2 0.09420628525382756 0.26945299145299145 0.015709105560032233 0.005005698005698006
1 0.08188960515713134 0.27374928774928775 0.09222401289282836 0.015082621082621083
2 0.22744560838033842 0.2752250712250712 0.018074133763094278 0.004897435897435898
3 0.19085414987912974 0.27542165242165245 0.04634568896051571 0.005692307692307693
1 0.20309024979854956 0.27844729344729346 0.08462933118452862 0.012806267806267807