1 0.1817727639000806 0.28573789173789177 0.21690975020145045 0.0168005698005698
0 0.17978646253021757 0.2877264957264957 0.21053182917002417 0.00501994301994302
3 0.40329170024174055 0.28888319088319087 0.09265108783239323 0.0059658119658119665
2 0.5823609991941983 0.28905698005698005 0.02460515713134569 0.005797720797720798
1 0.4759548751007252 0.28917378917378916 0.23966156325543916 0.009692307692307693
2 0.5823730862207896 0.30010541310541305 0.024637389202256246 0.005726495726495727
3 0.39213537469782433 0.30024786324786323 0.06960515713134569 0.0064843304843304845
1 0.47573327961321515 0.30035042735042733 0.2405157131345689 0.008185185185185186
0 0.4603021756647865 0.30054700854700855 0.06319097502014505 0.007227920227920228
3 0.10151490733279614 0.30528205128205127 0.053170829975825944 0.005538461538461539
2 0.14510878323932314 0.3053019943019943 0.02643029814665592 0.0057094017094017095
1 0.15018130539887187 0.30785470085470085 0.1527437550362611 0.013133903133903134
2 0.5824899274778405 0.311039886039886 0.022965350523771154 0.005433048433048433
0 0.1484488315874295 0.31168091168091167 0.1473126510878324 0.004911680911680911
0 0.4874899274778405 0.31174928774928773 0.06269137792103142 0.006968660968660969
3 0.40570910556003226 0.3119202279202279 0.09821514907332797 0.006068376068376068
1 0.4753746978243353 0.31195156695156695 0.24109589041095889 0.008894586894586894
2 0.582409347300564 0.3222991452991453 0.024230459307010475 0.005783475783475784
3 0.42435535858178886 0.3232165242165242 0.13550765511684126 0.008
1 0.47562852538275585 0.32346438746438744 0.24095084609186138 0.00943019943019943
2 0.5826792908944399 0.3333960113960114 0.023815471394037068 0.004800569800569801
3 0.43085012087026586 0.3338831908831909 0.14776390008058018 0.007122507122507123
1 0.47619661563255444 0.3343846153846154 0.24013698630136984 0.008783475783475783
2 0.5819379532634972 0.34444444444444444 0.024234488315874294 0.006413105413105413
3 0.38903303787268334 0.3447435897435897 0.06577356970185334 0.005655270655270656
1 0.475402900886382 0.3452478632478632 0.2398549556809025 0.008481481481481482
3 0.10192989524576955 0.3525441595441596 0.05325543916196616 0.005923076923076923
2 0.14658742949234488 0.35255270655270654 0.025116841257050767 0.005495726495726496
2 0.5828525382755843 0.3554330484330484 0.023690572119258662 0.006222222222222222
1 0.4764423851732474 0.3558974358974359 0.24128525382755842 0.008666666666666668
3 0.4050846091861402 0.35595441595441596 0.09937147461724415 0.006396011396011396
1 0.16026994359387592 0.35966381766381766 0.1709508460918614 0.021646723646723647
0 0.15960112812248187 0.36232193732193735 0.1690692989524577 0.011310541310541312
2 0.5825503626107977 0.3664017094017094 0.024987912973408542 0.005994301994301994
1 0.47596696212731665 0.36655840455840455 0.2416317485898469 0.008874643874643874
3 0.4202215954875101 0.3666467236467237 0.1259065269943594 0.006629629629629629
1 0.4756083803384368 0.377991452991453 0.24221192586623688 0.009712250712250714
3 0.4275543916196616 0.378002849002849 0.141317485898469 0.006598290598290598
2 0.5825302175664786 0.378011396011396 0.024468170829975825 0.0057008547008547015
3 0.10502014504431911 0.38377492877492875 0.058690572119258655 0.00492022792022792
2 0.1505197421434327 0.38399430199430196 0.025854149879129734 0.0052393162393162395
2 0.5826873489121677 0.38884045584045585 0.024315068493150686 0.006196581196581196
3 0.38587832393231264 0.3893475783475783 0.05721595487510072 0.006544159544159544
1 0.475894439967768 0.38946438746438744 0.24213537469782434 0.009247863247863248
1 0.17509266720386785 0.39056125356125354 0.20158742949234487 0.022350427350427353
0 0.1750402900886382 0.39394301994301995 0.19994762288477033 0.01194017094017094
2 0.5828847703464948 0.3997378917378917 0.023755036261079776 0.004820512820512821
1 0.47589041095890416 0.40035897435897433 0.24342465753424655 0.008549857549857551
3 0.40710717163577764 0.4005897435897436 0.1019218372280419 0.006817663817663818
2 0.5827034649476229 0.41056125356125356 0.02482272360999194 0.005980056980056979
1 0.47521756647864627 0.4114301994301994 0.24207896857373087 0.008202279202279202
3 0.3983722804190169 0.4114729344729345 0.08445205479452056 0.00637037037037037
3 0.12512892828364222 0.41519658119658115 0.0989041095890411 0.005356125356125356
2 0.19166800966962128 0.4155441595441595 0.02550765511684126 0.006205128205128205
2 0.5828968573730863 0.42192307692307696 0.024258662369057212 0.005190883190883191
1 0.1600644641418211 0.42213390313390314 0.1734891216760677 0.020934472934472936
1 0.47619661563255444 0.4223076923076923 0.24079371474617242 0.008390313390313391
3 0.3919137792103143 0.4225441595441596 0.07153505237711523 0.005772079772079773
0 0.16009266720386786 0.4252279202279202 0.16950846091861405 0.011512820512820512
2 0.7264141821112007 0.0641965811965812 0.029633360193392425 0.005128205128205128
3 0.6865793714746172 0.06432193732193732 0.041244963738920226 0.006222222222222222
1 0.758170829975826 0.07177777777777777 0.18582191780821916 0.024655270655270657
0 0.7576470588235295 0.074008547008547 0.1836341659951652 0.011264957264957265
2 0.12896051571313455 0.08316809116809118 0.02548348106365834 0.005455840455840456
3 0.09432715551974215 0.08336182336182336 0.03793714746172441 0.006139601139601139
1 0.18323529411764708 0.08694017094017095 0.2178686543110395 0.016293447293447293
2 0.5095970991136181 0.0888005698005698 0.02489524576954069 0.005638176638176638
3 0.38106768734891217 0.08893447293447294 0.04893634165995165 0.005866096866096866
0 0.4507977437550363 0.08922792022792023 0.08763497179693795 0.005595441595441596
1 0.4399153908138597 0.08949287749287749 0.1662812248186946 0.007336182336182336
0 0.18203464947622885 0.09001139601139602 0.21393634165995165 0.006396011396011396
2 0.7455640612409348 0.0955014245014245 0.031829170024174055 0.005270655270655271
3 0.6956124093473005 0.09585185185185185 0.05931103948428687 0.007301994301994302
1 0.7491176470588236 0.10077777777777779 0.17047139403706688 0.022227920227920226
2 0.5009750201450444 0.1016866096866097 0.02380338436744561 0.005210826210826211
1 0.4347340854149879 0.1020997150997151 0.15786865431103947 0.008225071225071226
3 0.421361804995971 0.10213960113960113 0.12805398871877519 0.006447293447293447
0 0.7490813859790492 0.10552136752136752 0.16759468170829978 0.010914529914529915
3 0.10390410958904109 0.10798290598290598 0.0579532634971797 0.00705982905982906
2 0.1500241740531829 0.10826210826210826 0.02653908138597905 0.005735042735042735
2 0.5445930701047542 0.11432478632478632 0.023646253021756648 0.005301994301994302
3 0.3836019339242546 0.11455555555555555 0.052622884770346504 0.006487179487179487
0 0.4723730862207897 0.11458974358974358 0.116116035455278 0.006384615384615384
1 0.17486704270749395 0.11468091168091167 0.20505640612409348 0.020401709401709402
1 0.4572884770346495 0.11480626780626782 0.20232070910556005 0.007478632478632479
0 0.17512489927477842 0.11783760683760684 0.20012087026591457 0.010575498575498575
2 0.5180902497985496 0.12673219373219372 0.024786462530217566 0.0052592592592592595
2 0.7389323126510878 0.12684900284900286 0.029967767929089444 0.005492877492877493
3 0.6919540692989525 0.12713960113960113 0.05126913779210314 0.006347578347578348
3 0.38342868654311035 0.12718233618233618 0.05365431103948428 0.006948717948717949
0 0.4577558420628526 0.12722792022792023 0.08906124093473006 0.0059259259259259265
1 0.44350523771152295 0.12738176638176638 0.1773569701853344 0.0082991452991453
1 0.7686261079774376 0.13326495726495727 0.20673247381144239 0.02093162393162393
0 0.7675503626107977 0.1367008547008547 0.20289685737308621 0.011424501424501425
2 0.16211925866236906 0.13923931623931624 0.025781627719580983 0.005754985754985755
3 0.11078565672844481 0.13927065527065527 0.0724576954069299 0.006170940170940171
2 0.5266398066075745 0.13966096866096867 0.024782433521353744 0.0052592592592592595
3 0.393170829975826 0.14049002849002848 0.07094278807413376 0.0074843304843304845
1 0.16170829975825948 0.1457207977207977 0.1748146655922643 0.0207008547008547
0 0.1609307010475423 0.14913390313390315 0.172276390008058 0.01209116809116809
0 0.45989927477840453 0.15140740740740743 0.20796535052377113 0.03084900284900285
1 0.46 0.15197720797720798 0.2103464947622885 0.032706552706552705
2 0.7528646253021756 0.15796296296296297 0.025060435132957293 0.005247863247863248
3 0.701450443190975 0.15843589743589745 0.0695245769540693 0.005920227920227921
1 0.7672401289282836 0.1657150997150997 0.20563255439161965 0.02254985754985755
0 0.7668734891216761 0.1676866096866097 0.20263094278807414 0.01116809116809117
3 0.11255842062852539 0.17021367521367523 0.07376309427880742 0.006182336182336182
2 0.1656406124093473 0.17043589743589743 0.025697018533440773 0.005339031339031339
1 0.18269943593875906 0.17696296296296296 0.2187590652699436 0.022786324786324787
0 0.18223207091055602 0.1802079772079772 0.21596293311845285 0.010857549857549857
2 0.7415874294923448 0.18935897435897436 0.02530217566478646 0.00556980056980057
3 0.6953263497179694 0.18968091168091167 0.05728041901692183 0.0064245014245014245
2 0.1840249798549557 0.20179202279202277 0.02684528605962933 0.006928774928774929
3 0.12068090249798548 0.20224501424501423 0.0922522159548751 0.007304843304843305
1 0.7667042707493956 0.20527350427350427 0.20260676873489122 0.039703703703703706
0 0.7657735697018534 0.20814529914529917 0.19988718775181305 0.02947008547008547
1 0.17022159548751006 0.20860968660968662 0.19282433521353745 0.02221367521367521
0 0.17017727639000807 0.21183190883190883 0.18913779210314263 0.011874643874643875
2 0.4493634165995165 0.21807692307692308 0.02507252215954875 0.005911680911680912
3 0.3945004029008864 0.2181054131054131 0.07506849315068492 0.0054245014245014244
1 0.4445608380338437 0.22491452991452993 0.17622481869460113 0.021162393162393163
0 0.4441982272360999 0.22806837606837607 0.1743956486704271 0.0117008547008547
2 0.13145447219983883 0.23287179487179488 0.02572522159548751 0.006282051282051282
3 0.09488315874294924 0.23316524216524215 0.03915793714746172 0.006210826210826211
2 0.8108541498791297 0.2371994301994302 0.0251450443190975 0.00552991452991453
3 0.7292667203867849 0.23808547008547007 0.12735294117647059 0.007165242165242165
1 0.7481587429492346 0.24096011396011396 0.16746575342465753 0.016535612535612535
0 0.7485817888799355 0.24456980056980057 0.16604754230459307 0.005515669515669516
3 0.4058178887993554 0.24467521367521367 0.09768331990330378 0.005877492877492878
2 0.47232070910556 0.24496581196581196 0.02444399677679291 0.00494017094017094
1 0.4226591458501209 0.24559544159544158 0.13436341659951653 0.009282051282051281
1 0.1666116035455278 0.24918518518518518 0.18462127316680096 0.041575498575498575
0 0.1658904109589041 0.2517606837606837 0.18110797743755036 0.028353276353276353
3 0.7213738920225624 0.2655811965811966 0.11083803384367447 0.012048433048433048
2 0.7887308622078969 0.269025641025641 0.025539887187751815 0.004695156695156695
1 0.7569460112812249 0.2734672364672365 0.1863416599516519 0.0306011396011396
0 0.7574617244157937 0.2796353276353276 0.18326752618855763 0.014188034188034188
2 0.15294520547945206 0.2810484330484331 0.02548348106365834 0.00556980056980057
3 0.10536663980660757 0.28144444444444444 0.06087832393231265 0.005455840455840456